index,"(0,)","(1,)","(2,)","(3,)","(4,)","(5,)","(6,)","(7,)","(8,)","(9,)","(10,)","(11,)","(12,)","(13,)","(14,)","(15,)","(16,)","(17,)","(18,)","(19,)","(20,)","(21,)","(22,)","(23,)","(24,)","(25,)","(26,)","(27,)","(28,)","(29,)","(30,)","(31,)","(32,)","(33,)","(34,)","(35,)","(36,)","(37,)","(38,)","(39,)","(40,)","(41,)","(42,)","(43,)","(44,)","(45,)","(46,)","(47,)","(48,)","(49,)","(50,)","(51,)","(52,)","(53,)","(54,)","(55,)","(56,)","(57,)","(58,)","(59,)","(60,)","(61,)","(62,)","(63,)","(64,)","(65,)","(66,)","(67,)","(68,)","(69,)","(70,)","(71,)","(72,)","(73,)","(74,)","(75,)","(76,)","(77,)","(78,)","(79,)","(80,)","(81,)","(82,)","(83,)","(84,)","(85,)","(86,)","(87,)","(88,)","(89,)","(90,)","(91,)","(92,)","(93,)","(94,)","(95,)","(96,)","(97,)","(98,)","(99,)"
"(0,)",(-6.592282476447103e-08+2.050137911463593e-08j),(-2.6316836751847313e-08-1.156084992254468e-08j),(-1.3768478973862248e-05+1.3004359260818719e-05j),(-2.323520630728981e-05-7.543497697290715e-07j),(-1.809228061857257e-05-2.0197603665556412e-05j),(2.5282565896217645e-06-3.0379576352465206e-05j),(2.6224688112880876e-05-2.0859473395382e-05j),(3.5896669975898026e-05+5.244249387962313e-06j),(2.219190581635483e-05+3.1884134508858934e-05j),(-8.602280438148726e-06+4.034766675956766e-05j),(-3.7281654639169754e-05+2.246679989702634e-05j),(-4.3955271696083866e-05-1.2461017122067495e-05j),(-2.1871911040111984e-05-4.2444836801281305e-05j),(1.6724489781104804e-05-4.682722960490036e-05j),(4.7369245892528934e-05-2.0522362846029177e-05j),(4.902162791968176e-05+2.1316112108731658e-05j),(1.8499304665376488e-05+5.2035860663399137e-05j),(-2.6169346317998028e-05+5.057230274467075e-05j),(-5.641874233621007e-05+1.586624883759581e-05j),(-5.1500577947307963e-05-3.1223513687915124e-05j),(-1.267706430545206e-05-6.048885613083515e-05j),(3.64216711098377e-05-5.182135674281338e-05j),(6.421617991492845e-05-8.980280352560435e-06j),(5.154655704877363e-05+4.17094655579718e-05j),(4.821555476040414e-06+6.757097266309735e-05j),(-4.703450638787999e-05+5.0687171067670416e-05j),(-7.052459685172283e-05+2.4515019926902706e-07j),(-4.9254555972605424e-05-5.2346034723483125e-05j),(1.770283612930598e-06-7.007139433402786e-05j),(3.259625299162286e-05-4.928852446850688e-05j),(3.755104524621466e-05-5.701147066988421e-05j),(1.0785937353198196e-05-7.728579493625876e-05j),(-3.099594332246744e-05-7.088275465796984e-05j),(-6.223112671647926e-05-4.4856753830956904e-05j),(-7.563510412957976e-05-8.253978740229783e-06j),(-6.987889674313485e-05+2.8532368026037722e-05j),(-4.869383338512453e-05+5.691217294431978e-05j),(-1.873729170375595e-05+7.194893709953787e-05j),(1.279461647795374e-05+7.270861241540202e-05j),(4.003490167000388e-05+6.144049200217667e-05j),(5.942352288527616e-05+4.2179650047634594e-05j),(6.981336899178774e-05+1.934062874536104e-05j),(7.197090880232268e-05-3.3209065531369476e-06j),(6.781428194225226e-05-2.3241110295831275e-05j),(5.96758926859974e-05-3.9128290734835324e-05j),(4.975836698327022e-05-5.074322618506632e-05j),(3.9834181918061464e-05-5.854715989177881e-05j),(3.115634748469459e-05-6.334676944889937e-05j),(2.450887923476592e-05-6.600841046374617e-05j),(2.0322117317158378e-05-6.726357548526333e-05j),(1.879343827571475e-05-6.759559198005319e-05j),(1.9974810988925797e-05-6.718522130685899e-05j),(2.3807068147882923e-05-6.589541371632607e-05j),(3.0094775973371967e-05-6.32868112061781e-05j),(3.842734399194365e-05-5.8669826512856464e-05j),(4.8065172659995264e-05-5.1210894677635606e-05j),(5.782665621293456e-05-4.011423594273832e-05j),(6.603150546714984e-05-2.4890340908001766e-05j),(7.057130702471143e-05-5.693848534094123e-06j),(6.91769564609909e-05+1.6333067665409027e-05j),(5.991955701976908e-05+3.883023770775879e-05j),(4.1906579226855175e-05+5.82602911354775e-05j),(1.6024365610333066e-05+7.037170513065162e-05j),(-1.453749073372639e-05+7.114953937333993e-05j),(-4.430792351055524e-05+5.8146075141808474e-05j),(-6.637493544926385e-05+3.1856035593975204e-05j),(-7.409914726221502e-05-3.395517771488617e-06j),(-6.339310962862949e-05-3.9630234632054276e-05j),(-3.4864766773506604e-05-6.682609129526276e-05j),(2.0268158164169024e-06-7.288918113803824e-05j),(2.9643744824739158e-05-5.126693178546526e-05j),(3.5640810624068485e-05-5.721005044574066e-05j),(-1.5397746421352087e-06-7.119796561786566e-05j),(-5.210783720292488e-05-4.661840631973586e-05j),(-6.832217672285948e-05+6.1284799558613394e-06j),(-4.1339393125575027e-05+5.304245362972988e-05j),(1.031706677544334e-05+6.506125944901339e-05j),(5.341787876173181e-05+3.609561615970433e-05j),(6.144494074441693e-05-1.4065107754262888e-05j),(3.093736991049094e-05-5.322707345897294e-05j),(-1.73317659901848e-05-5.750455824639503e-05j),(-5.246338914957937e-05-2.591650599251878e-05j),(-5.327255206162883e-05+2.007484879978906e-05j),(-2.108686227839321e-05+5.1119285521040726e-05j),(2.2249256031540512e-05+4.87817365539783e-05j),(4.9184283277889205e-05+1.6505044278056226e-05j),(4.406417846622438e-05-2.3804381384499507e-05j),(1.2231822777907758e-05-4.664153622669669e-05j),(-2.4679571784532118e-05-3.9149318784705936e-05j),(-4.346170899435392e-05-8.334698562267836e-06j),(-3.4060517156811186e-05+2.479564896018072e-05j),(-4.892931901819593e-06+3.9591047748392216e-05j),(2.4037434972335006e-05+2.8807951940304138e-05j),(3.492513945356994e-05+2.0086675790700735e-06j),(2.337189627488191e-05-2.2211899369412597e-05j),(-1.6261037470852832e-07-2.923977443620903e-05j),(-1.8919576714345736e-05-1.7655703337160444e-05j),(-2.1944252325514312e-05+1.2850366204380592e-06j),(-1.1473876203704844e-05+1.3177709254931583e-05j),(-1.792285126786484e-06+7.245159391998166e-06j)
"(1,)",(-2.6316836751847313e-08-1.156084992254468e-08j),(-3.9527926598520844e-08-1.0870152146685693e-08j),(-1.9603862568273134e-08-7.460071310021791e-09j),(-1.2924359011276855e-05+9.429047916762249e-06j),(-1.897533962851367e-05-2.8805018975087646e-06j),(-1.2898035244853132e-05-1.824102973939397e-05j),(4.887476449309315e-06-2.459507866086173e-05j),(2.3324506452651974e-05-1.4624730003989367e-05j),(2.8805667131887754e-05+7.542059619374621e-06j),(1.5210727813097238e-05+2.799584776594931e-05j),(-1.0633449146833732e-05+3.209945972869635e-05j),(-3.236996353907596e-05+1.4960563498745577e-05j),(-3.4669775455979956e-05-1.4061819831917531e-05j),(-1.402580910927326e-05-3.648327773801417e-05j),(1.775687297268115e-05-3.661169680681505e-05j),(4.034084505796964e-05-1.2500626610904517e-05j),(3.7978368950396535e-05+2.1660666724616298e-05j),(1.0452539596193037e-05+4.393345332552511e-05j),(-2.572171305599609e-05+3.880253337067604e-05j),(-4.724504347514988e-05+7.93526075557463e-06j),(-3.910639328405488e-05-2.9892392239253174e-05j),(-4.9949179256250925e-06-5.025638490547819e-05j),(3.412766685274101e-05-3.890670660742392e-05j),(5.294709286328997e-05-1.6733865719652415e-06j),(3.821764614251997e-05+3.838440471164735e-05j),(-1.9898094053393863e-06+5.529683242023029e-05j),(-4.262102352637127e-05+3.705250637574783e-05j),(-5.7286089301148595e-05-5.956371842571488e-06j),(-3.647611184275718e-05-4.0419759263769214e-05j),(-1.0215561092711191e-05-5.4332471678334446e-05j),(-9.822851721679945e-06-5.488286784664431e-05j),(-3.448951273207388e-05-5.48523539577135e-05j),(-5.748374275061292e-05-2.8840263885280613e-05j),(-6.373715936548673e-05+3.9385269174463175e-06j),(-5.342779134911829e-05+3.419598199462694e-05j),(-3.1015686846723316e-05+5.488377783378586e-05j),(-3.093267296895009e-06+6.260566641832116e-05j),(2.3821014237629597e-05+5.762913896045501e-05j),(4.48699506883382e-05+4.2890335243967004e-05j),(5.7551777620103406e-05+2.2581646961124365e-05j),(6.160864046336592e-05+8.492549687878187e-07j),(5.840695431676644e-05-1.9082736354752663e-05j),(5.0149318495920796e-05-3.527987240858402e-05j),(3.918008618480698e-05-4.7047499238268685e-05j),(2.7520890664518657e-05-5.463276013880132e-05j),(1.6657540316160798e-05-5.884491105227097e-05j),(7.526518576341567e-06-6.071109594710166e-05j),(6.215837511967998e-07-6.122380694587905e-05j),(-3.854027948831832e-06-6.118692730845945e-05j),(-5.843810702297721e-06-6.11386560182371e-05j),(-5.334513675771035e-06-6.132070591247529e-05j),(-2.3084186453067203e-06-6.1668296772265e-05j),(3.242938078754679e-06-6.180855602539295e-05j),(1.1244027432498716e-05-6.107124848177041e-05j),(2.1407436451308048e-05-5.8531499102764765e-05j),(3.3073941608810265e-05-5.31151171894374e-05j),(4.5062403238379485e-05-4.379748786702029e-05j),(5.5595908657568065e-05-2.9909925000146115e-05j),(6.238829229967746e-05-1.1528001705452803e-05j),(6.296906174499296e-05+1.0142854628235946e-05j),(5.527709763861971e-05+3.253279937865416e-05j),(3.845625283858832e-05+5.18097024252802e-05j),(1.3653846852331694e-05+6.347556806429912e-05j),(-1.549818466507871e-05+6.349088616923596e-05j),(-4.3078779052585195e-05+4.974396385986039e-05j),(-6.199515329649909e-05+2.3430853264826638e-05j),(-6.597264676789369e-05-1.0262380703381711e-05j),(-5.194974595158938e-05-4.274687977402361e-05j),(-2.20270450631422e-05-6.412656080751976e-05j),(1.1054912622946686e-05-6.174011247089027e-05j),(3.5924677327160285e-05-4.643495620380372e-05j),(3.606174408685647e-05-4.604934582700325e-05j),(1.1530501892063535e-05-6.13125165984163e-05j),(-3.623320613814949e-05-4.9401499132293375e-05j),(-5.96935500486781e-05-7.1565926727071835e-06j),(-4.511896343337599e-05+3.7947428847164256e-05j),(-3.0596766396542256e-06+5.768506902366919e-05j),(3.918318177242318e-05+4.0777665214149816e-05j),(5.5306809150084015e-05-7.20567194170765e-07j),(3.6420451515819396e-05-3.992679731943047e-05j),(-4.143748427578762e-06-5.258021814775046e-05j),(-4.016495372230223e-05-3.209199289737281e-05j),(-4.952807077505352e-05+7.1680023875807445e-06j),(-2.783915966239932e-05+3.988366299543241e-05j),(9.74872602686475e-06+4.61739385607444e-05j),(3.9066668546533565e-05+2.3711730108208287e-05j),(4.254142731325209e-05-1.1836452479452063e-05j),(1.9763705686899277e-05-3.7692814408586526e-05j),(-1.3373144696132982e-05-3.865302930010034e-05j),(-3.573150072274777e-05-1.605583236068602e-05j),(-3.452832689657678e-05+1.4285338298623035e-05j),(-1.2660802771714792e-05+3.313428540149181e-05j),(1.4470297656365893e-05+3.0181176955774498e-05j),(2.9817953357444593e-05+9.67540977110647e-06j),(2.5616115254578823e-05-1.3764274876868145e-05j),(7.2552790490625664e-06-2.5626653168105657e-05j),(-1.1854584385808874e-05-2.083366163608493e-05j),(-2.0243958487922457e-05-5.75525556948795e-06j),(-1.6009649897834366e-05+7.959391688223105e-06j),(-7.141519037274165e-06+1.3925559406587958e-05j)
"(2,)",(-1.3768478973862248e-05+1.3004359260818719e-05j),(-1.9603862568273134e-08-7.460071310021791e-09j),(-3.952792659852153e-08-1.087015214668526e-08j),(-1.9571934453338238e-08-7.447921356748452e-09j),(-1.2924359011276843e-05+9.429047916762239e-06j),(-1.897533962851369e-05-2.88050189750878e-06j),(-1.289803524485313e-05-1.8241029739393985e-05j),(4.887476449309334e-06-2.459507866086171e-05j),(2.332450645265198e-05-1.4624730003989369e-05j),(2.8805667131887747e-05+7.5420596193746456e-06j),(1.5210727813097237e-05+2.7995847765949308e-05j),(-1.0633449146833784e-05+3.2099459728696333e-05j),(-3.236996353907594e-05+1.4960563498745584e-05j),(-3.466977545597993e-05-1.4061819831917573e-05j),(-1.402580910927321e-05-3.648327773801417e-05j),(1.7756872972681187e-05-3.661169680681503e-05j),(4.034084505796966e-05-1.250062661090454e-05j),(3.797836895039647e-05+2.1660666724616264e-05j),(1.0452539596193037e-05+4.3933453325525157e-05j),(-2.572171305599615e-05+3.8802533370676014e-05j),(-4.724504347514989e-05+7.93526075557459e-06j),(-3.910639328405482e-05-2.9892392239253238e-05j),(-4.994917925625063e-06-5.025638490547819e-05j),(3.4127666852740874e-05-3.890670660742393e-05j),(5.294709286329008e-05-1.6733865719649942e-06j),(3.821764614251986e-05+3.838440471164719e-05j),(-1.989809405339312e-06+5.5296832420230456e-05j),(-4.2621023526371326e-05+3.705250637574779e-05j),(-5.341385142300877e-05-9.273214861048013e-07j),(-4.5822363421388174e-05-2.9081504927764556e-05j),(-4.59505776493153e-05-2.974829853275118e-05j),(-6.245049340838294e-05-1.2079620332935892e-05j),(-5.924958499123526e-05+2.176280525208734e-05j),(-4.009069677351692e-05+4.8157540906054884e-05j),(-1.1734863532803503e-05+6.111731657002584e-05j),(1.7877474266034758e-05+5.9199610683423264e-05j),(4.2044866983427784e-05+4.4858911784711246e-05j),(5.6731807274850655e-05+2.2855682400257653e-05j),(6.086350918517055e-05-1.5243009031086194e-06j),(5.5750932503874926e-05-2.386306964216899e-05j),(4.409036920188616e-05-4.1348850695206875e-05j),(2.8956135954975415e-05-5.2881421565242584e-05j),(1.3055839412089875e-05-5.8742889560523293e-05j),(-1.6579750065231754e-06-6.008030762889653e-05j),(-1.4060154031648502e-05-5.8400808480130164e-05j),(-2.3716436478156103e-05-5.519351690570913e-05j),(-3.065282568977484e-05-5.17095521483445e-05j),(-3.511812231152781e-05-4.887546182739916e-05j),(-3.7389481595965354e-05-4.729054407185531e-05j),(-3.764016370534271e-05-4.725737210668794e-05j),(-3.587148191459167e-05-4.88070723460519e-05j),(-3.190650083585787e-05-5.169855081792252e-05j),(-2.5446117040958668e-05-5.5389989917259676e-05j),(-1.6191738141196635e-05-5.900046473181061e-05j),(-4.035592422274516e-06-6.129850933238059e-05j),(1.0696161431352656e-05-6.076924728359912e-05j),(2.699289805855881e-05-5.5814340392605946e-05j),(4.298671557005684e-05-4.5118425496110206e-05j),(5.5975691308858e-05-2.8162756915952326e-05j),(6.276272607881776e-05-5.7828599692093926e-06j),(6.037157757731288e-05+1.942693965055643e-05j),(4.707163837598548e-05+4.311967504522283e-05j),(2.3460961003680126e-05+5.9840818512677805e-05j),(-6.812363608673729e-06+6.437844798952139e-05j),(-3.716768236514757e-05+5.359586680634611e-05j),(-5.9375200143730866e-05+2.8191066471519486e-05j),(-6.594389204383108e-05-6.395100600573904e-06j),(-5.301332329810861e-05-4.063825398427124e-05j),(-2.267528685947321e-05-6.342732024560248e-05j),(1.1382759195555588e-05-6.134172701286512e-05j),(3.6977118299466924e-05-4.5335881344002146e-05j),(3.7925430882977376e-05-4.4635170887690414e-05j),(1.4226119851962375e-05-6.0838913921662154e-05j),(-3.4006453578529566e-05-5.107759686064659e-05j),(-5.939184390058349e-05-9.98060552175381e-06j),(-4.701270476483725e-05+3.575608720007022e-05j),(-6.013296074225752e-06+5.75697085996128e-05j),(3.703673035069604e-05+4.2901135675196055e-05j),(5.5393977116749725e-05+2.3652652131915632e-06j),(3.8788364726191e-05-3.783495806938667e-05j),(-9.210556497113244e-07-5.2888484866763465e-05j),(-3.813769458634737e-05-3.4722807997243356e-05j),(-5.007936124767927e-05+3.800791475113347e-06j),(-3.0756774489984056e-05+3.793118656382974e-05j),(6.224813032600059e-06+4.6995008144398614e-05j),(3.719935477872112e-05+2.6948154030949566e-05j),(4.366620535571708e-05-8.136634159031899e-06j),(2.336349801734932e-05-3.5921034108958595e-05j),(-9.466832613437232e-06-4.012652915356154e-05j),(-3.406506148755966e-05-2.0083957560352537e-05j),(-3.641357780476706e-05+1.0122271592117813e-05j),(-1.721772244490437e-05+3.158074532782253e-05j),(9.963010074926968e-06+3.2572441403612574e-05j),(2.8376868984351437e-05+1.4929405067825255e-05j),(2.8666002666192834e-05-8.74475394666801e-06j),(1.3522453919996375e-05-2.4264832670705237e-05j),(-5.9374418756276985e-06-2.480586110869173e-05j),(-1.872935464994075e-05-1.3729665932751126e-05j),(-2.112788776908149e-05-1.0982950343247685e-07j),(-1.7540238463260123e-05+8.895314685993362e-06j)
"(3,)",(-2.323520630728981e-05-7.543497697290715e-07j),(-1.2924359011276855e-05+9.429047916762249e-06j),(-1.9571934453338238e-08-7.447921356748452e-09j),(-3.952792659852183e-08-1.087015214668488e-08j),(-1.950838921160621e-08-7.4237397939017025e-09j),(-1.2924359011276859e-05+9.429047916762242e-06j),(-1.897533962851369e-05-2.8805018975087832e-06j),(-1.2898035244853113e-05-1.8241029739393972e-05j),(4.887476449309321e-06-2.4595078660861703e-05j),(2.3324506452651984e-05-1.4624730003989357e-05j),(2.8805667131887754e-05+7.542059619374631e-06j),(1.5210727813097208e-05+2.7995847765949335e-05j),(-1.0633449146833754e-05+3.209945972869634e-05j),(-3.236996353907594e-05+1.4960563498745555e-05j),(-3.4669775455979916e-05-1.4061819831917587e-05j),(-1.4025809109273203e-05-3.648327773801418e-05j),(1.775687297268115e-05-3.661169680681507e-05j),(4.034084505796958e-05-1.2500626610904519e-05j),(3.797836895039651e-05+2.1660666724616267e-05j),(1.0452539596193053e-05+4.393345332552516e-05j),(-2.5721713055996146e-05+3.8802533370676034e-05j),(-4.724504347514986e-05+7.935260755574538e-06j),(-3.910639328405485e-05-2.989239223925323e-05j),(-4.994917925625143e-06-5.025638490547813e-05j),(3.412766685274106e-05-3.890670660742385e-05j),(5.2947092863289886e-05-1.6733865719650977e-06j),(3.821764614252e-05+3.838440471164726e-05j),(-1.9898094053394066e-06+5.5296832420230416e-05j),(-3.642079284431134e-05+3.764380829698068e-05j),(-5.1532590311364766e-05+1.337385019909865e-05j),(-5.2106534989690534e-05+1.3004852280127265e-05j),(-5.052025113096388e-05+3.662476709150906e-05j),(-2.4218234951545094e-05+5.697053057222623e-05j),(7.368482690586271e-06+6.09973221978509e-05j),(3.551904117293178e-05+4.9605506390623644e-05j),(5.401938770735057e-05+2.7501059853415525e-05j),(6.0252877733690755e-05+1.0182144225479306e-06j),(5.496119015319799e-05-2.393478618274724e-05j),(4.1145900921029625e-05-4.322068327410595e-05j),(2.2705004811453333e-05-5.493840406365677e-05j),(3.2805385758858745e-06-5.9169813331830564e-05j),(-1.4439055485362436e-05-5.7330060691796025e-05j),(-2.8942049575784845e-05-5.14409939031986e-05j),(-3.97648346018893e-05-4.3545383335147524e-05j),(-4.7181163776740475e-05-3.53525098617085e-05j),(-5.185483769731905e-05-2.8104693687339528e-05j),(-5.454539198706846e-05-2.2599645183696587e-05j),(-5.590053406014368e-05-1.929039199942684e-05j),(-5.6331176196206835e-05-1.8396777397895723e-05j),(-5.594906269946885e-05-1.9983965192624025e-05j),(-5.454909618831913e-05-2.398406884035448e-05j),(-5.163129160288255e-05-3.0154250301352632e-05j),(-4.6473112145412e-05-3.798079875067822e-05j),(-3.827398871250296e-05-4.655765064992205e-05j),(-2.639197167492025e-05-5.449085765642859e-05j),(-1.0670279536561902e-05-5.9902862132728885e-05j),(8.194070926047761e-06-6.061950601588627e-05j),(2.8349130714892455e-05-5.460030354385154e-05j),(4.6719256414196677e-05-4.060294144767854e-05j),(5.934517560420047e-05-1.8956276117333658e-05j),(6.223724268533708e-05+7.81849628634304e-06j),(5.2671459744332954e-05+3.488900120081653e-05j),(3.060970192994633e-05+5.5811916552218357e-05j),(-3.0377652413768735e-07+6.415331762436882e-05j),(-3.2790895227477994e-05+5.574629321063757e-05j),(-5.744810510057822e-05+3.087056798601426e-05j),(-6.561502829334967e-05-4.631000702731967e-06j),(-5.281733741551966e-05-4.016961456366222e-05j),(-2.143501670591103e-05-6.342835248487957e-05j),(1.3488818882819698e-05-6.0608681775319813e-05j),(3.9262112543297975e-05-4.313170815962902e-05j),(4.096917028676269e-05-4.2022425100450147e-05j),(1.8661849206781727e-05-5.9789034318612974e-05j),(-3.0135636704960563e-05-5.3639037378124067e-05j),(-5.8594400958547514e-05-1.464248115787477e-05j),(-4.992053944546992e-05+3.190851749400432e-05j),(-1.0906716885730529e-05+5.704281145472018e-05j),(3.322066213887191e-05+4.6173411708606883e-05j),(5.5156769334779244e-05+7.498992229533726e-06j),(4.2446807331818083e-05-3.4056594826682505e-05j),(4.466631605390188e-06-5.296137978023794e-05j),(-3.440002507362797e-05-3.879431650229542e-05j),(-5.0484258789484965e-05-1.8617358580085023e-06j),(-3.527560848498158e-05+3.423203712213395e-05j),(2.5563632932546977e-07+4.7755364446807123e-05j),(3.3527949610989316e-05+3.195921090198397e-05j),(4.480659003830378e-05-1.8118966979998508e-06j),(2.8927349968141397e-05-3.2251522135290956e-05j),(-2.7096169452009016e-06-4.167061391136958e-05j),(-3.034334958583697e-05-2.6284709455585507e-05j),(-3.837728810186094e-05+2.8069914217074018e-06j),(-2.417493173738768e-05+2.7694945738753955e-05j),(1.8728533511745294e-06+3.494096812131608e-05j),(2.4081911643344353e-05+2.281201674366249e-05j),(3.13086083097763e-05+5.238847363351374e-07j),(2.2527799227678108e-05-1.8955619530694572e-05j),(5.313593824950549e-06-2.709372201537276e-05j),(-1.063789358835367e-05-2.3634224974749514e-05j),(-1.9819460855176728e-05-1.4460812935815949e-05j),(-2.2790714275613452e-05-6.338708920116042e-06j)
"(4,)",(-1.809228061857257e-05-2.0197603665556412e-05j),(-1.897533962851367e-05-2.8805018975087646e-06j),(-1.2924359011276843e-05+9.429047916762239e-06j),(-1.950838921160621e-08-7.4237397939017025e-09j),(-3.952792659852107e-08-1.0870152146685537e-08j),(-1.9445255265933407e-08-7.3997147460246975e-09j),(-1.292435901127687e-05+9.429047916762234e-06j),(-1.897533962851367e-05-2.880501897508805e-06j),(-1.2898035244853103e-05-1.8241029739393975e-05j),(4.887476449309347e-06-2.45950786608617e-05j),(2.3324506452651974e-05-1.4624730003989342e-05j),(2.8805667131887744e-05+7.54205961937468e-06j),(1.5210727813097198e-05+2.7995847765949308e-05j),(-1.0633449146833788e-05+3.209945972869631e-05j),(-3.236996353907594e-05+1.4960563498745518e-05j),(-3.466977545597986e-05-1.4061819831917609e-05j),(-1.4025809109273195e-05-3.6483277738014176e-05j),(1.7756872972681153e-05-3.661169680681497e-05j),(4.034084505796961e-05-1.2500626610904512e-05j),(3.797836895039646e-05+2.1660666724616325e-05j),(1.0452539596192999e-05+4.393345332552518e-05j),(-2.572171305599618e-05+3.8802533370675946e-05j),(-4.724504347514985e-05+7.9352607555745e-06j),(-3.910639328405483e-05-2.9892392239253136e-05j),(-4.994917925624933e-06-5.025638490547819e-05j),(3.4127666852740915e-05-3.890670660742368e-05j),(5.294709286329002e-05-1.6733865719650774e-06j),(3.82176461425199e-05+3.838440471164732e-05j),(2.583602995496914e-06+5.124920578967703e-05j),(-2.4902565244468595e-05+4.586252829360756e-05j),(-2.5569395323472165e-05+4.602417542184508e-05j),(-7.641932998957242e-06+6.0687509304945484e-05j),(2.444034784799473e-05+5.5523955795668e-05j),(4.840694888383786e-05+3.578240356953218e-05j),(5.918728810649655e-05+8.282625320163939e-06j),(5.6078797168986266e-05-1.9493867561257464e-05j),(4.1863909113734545e-05-4.159986453342555e-05j),(2.116672881831091e-05-5.476091458972357e-05j),(-1.2142730352516078e-06-5.843330320425389e-05j),(-2.149597111734221e-05-5.411597252822135e-05j),(-3.7445239165404676e-05-4.4370178904994894e-05j),(-4.834603233285547e-05-3.1925599819579975e-05j),(-5.462149926348227e-05-1.9082199790808644e-05j),(-5.7343853091274356e-05-7.449033293591085e-06j),(-5.779794053641357e-05+2.0498304619688923e-06j),(-5.7175622616739545e-05+9.014448503288735e-06j),(-5.640553117582771e-05+1.3357024531008495e-05j),(-5.60819708771482e-05+1.5110843860314563e-05j),(-5.644598806251036e-05+1.4299302981347698e-05j),(-5.738155602989815e-05+1.0881643174043568e-05j),(-5.8410789615306596e-05+4.780670196108689e-06j),(-5.869707704551931e-05-4.008232787357405e-06j),(-5.708857257863767e-05-1.5236758930546557e-05j),(-5.225000883119794e-05-2.818189880398565e-05j),(-4.2928611289774516e-05-4.144508580723905e-05j),(-2.8368961443649063e-05-5.2871616376780144e-05j),(-8.82590620420516e-06-5.971119702949275e-05j),(1.3967021236925001e-05-5.911789490973956e-05j),(3.660144021108636e-05-4.899632762338693e-05j),(5.432268103094203e-05-2.903971568150441e-05j),(6.204225903327694e-05-1.616791572610192e-06j),(5.5956936267948395e-05+2.796208047297359e-05j),(3.536251166842322e-05+5.222339960550854e-05j),(3.949790786967081e-06+6.34851298337363e-05j),(-3.0210205822736916e-05+5.661095496617293e-05j),(-5.649010898589583e-05+3.163875023703416e-05j),(-6.51567254319066e-05-4.947894044925774e-06j),(-5.1407098078558375e-05-4.1325938632650874e-05j),(-1.8311447227534314e-05-6.402040190611855e-05j),(1.7299964132913132e-05-5.9362277870961326e-05j),(4.257866312320271e-05-3.9643054991637254e-05j),(4.494691750313897e-05-3.7972051951659495e-05j),(2.4713325809099665e-05-5.778452198933066e-05j),(-2.4420575596854603e-05-5.671612170662405e-05j),(-5.687161115227677e-05-2.102742082996212e-05j),(-5.344106183360025e-05+2.6157610536721457e-05j),(-1.7637211716366217e-05+5.5614202755981316e-05j),(2.7431474702246602e-05+5.015578115300591e-05j),(5.403218537791805e-05+1.459293303341928e-05j),(4.691200012747772e-05-2.8219482595925338e-05j),(1.1950170115972196e-05-5.214650168125344e-05j),(-2.8494571981953414e-05-4.376653870799727e-05j),(-4.9977861756802954e-05-9.772932570189688e-06j),(-4.0782843319447366e-05+2.8221261470693546e-05j),(-8.138735293595485e-06+4.754424309866091e-05j),(2.7348450875987692e-05+3.8033130821184336e-05j),(4.48556857295313e-05+7.147263069670424e-06j),(3.56010338616171e-05-2.5795852416060903e-05j),(6.93567662853523e-06-4.190259292890526e-05j),(-2.342661612797818e-05-3.358335461323452e-05j),(-3.8626993046138016e-05-7.706480312106549e-06j),(-3.208362711289072e-05+1.9987580214258458e-05j),(-9.777875335470167e-06+3.484411246410139e-05j),(1.4967858124118067e-05+3.1161917165073125e-05j),(3.000091322870422e-05+1.3656679485192514e-05j),(3.055645437918493e-05-7.251321175989875e-06j),(1.9941686439637876e-05-2.2351846344174814e-05j),(5.4937678306420385e-06-2.8164559974430435e-05j),(-6.523472034050987e-06-2.6949821870514586e-05j),(-1.3519202285217496e-05-2.352673524150201e-05j)
"(5,)",(2.5282565896217645e-06-3.0379576352465206e-05j),(-1.2898035244853132e-05-1.824102973939397e-05j),(-1.897533962851369e-05-2.88050189750878e-06j),(-1.2924359011276859e-05+9.429047916762242e-06j),(-1.9445255265933407e-08-7.3997147460246975e-09j),(-3.952792659852091e-08-1.0870152146685792e-08j),(-1.9571934453339045e-08-7.447921356748051e-09j),(-1.2924359011276859e-05+9.429047916762245e-06j),(-1.8975339628513688e-05-2.880501897508775e-06j),(-1.2898035244853129e-05-1.8241029739393982e-05j),(4.887476449309314e-06-2.4595078660861727e-05j),(2.3324506452652008e-05-1.4624730003989364e-05j),(2.880566713188777e-05+7.542059619374639e-06j),(1.5210727813097238e-05+2.799584776594933e-05j),(-1.063344914683377e-05+3.2099459728696333e-05j),(-3.2369963539075954e-05+1.4960563498745553e-05j),(-3.466977545597996e-05-1.4061819831917572e-05j),(-1.4025809109273227e-05-3.648327773801412e-05j),(1.775687297268114e-05-3.661169680681507e-05j),(4.034084505796967e-05-1.2500626610904568e-05j),(3.7978368950396555e-05+2.1660666724616284e-05j),(1.0452539596193014e-05+4.393345332552518e-05j),(-2.5721713055996176e-05+3.8802533370676014e-05j),(-4.7245043475149844e-05+7.93526075557468e-06j),(-3.9106393284054826e-05-2.9892392239253346e-05j),(-4.994917925625048e-06-5.0256384905478056e-05j),(3.412766685274097e-05-3.890670660742392e-05j),(5.2947092863290055e-05-1.6733865719650918e-06j),(3.837759606411614e-05+3.240271296010619e-05j),(1.6175387593111893e-05+4.848612081999939e-05j),(1.5829879921675854e-05+4.9083974065298144e-05j),(3.826784553335759e-05+4.609410123958815e-05j),(5.600405661669473e-05+1.979678300875714e-05j),(5.800628434879323e-05-1.0374558603308057e-05j),(4.583033052410027e-05-3.6344462656772976e-05j),(2.4332975739863656e-05-5.275846159171635e-05j),(-4.954239921164994e-07-5.774911970852356e-05j),(-2.340337478509743e-05-5.246681917724087e-05j),(-4.097105686258444e-05-3.991085329265641e-05j),(-5.1857807856815645e-05-2.3644869315466264e-05j),(-5.643136611359518e-05-6.810432537137259e-06j),(-5.611277516377851e-05+8.393630587859989e-06j),(-5.2725573274702605e-05+2.080322117797607e-05j),(-4.801773484788431e-05+3.0098089922787775e-05j),(-4.340211735799997e-05+3.6490209761984297e-05j),(-3.9877441372259783e-05+4.041327097216577e-05j),(-3.8055963715537765e-05+4.227850872790665e-05j),(-3.822451317242558e-05+4.2316630181564314e-05j),(-4.0385423643759966e-05+4.050236694708037e-05j),(-4.4250432195145224e-05+3.6555231326971404e-05j),(-4.91883865067698e-05+3.0018354060979174e-05j),(-5.41559884785344e-05+2.0424951959699538e-05j),(-5.766872488763461e-05+7.557007135057243e-06j),(-5.788997013172473e-05-8.226054243081859e-06j),(-5.291560624243203e-05-2.5660948107016753e-05j),(-4.129094126676453e-05-4.2389269974832566e-05j),(-2.2704769356443853e-05-5.507489888790542e-05j),(1.3263935221272344e-06-5.9981055707861854e-05j),(2.709568396883518e-05-5.40356161529985e-05j),(4.901603786498686e-05-3.619085884266074e-05j),(6.082787287773315e-05-8.624653137130941e-06j),(5.7607008034656354e-05+2.2837838438491153e-05j),(3.803021655926982e-05+4.96296396249959e-05j),(5.975765762119595e-06+6.282011461059853e-05j),(-2.9530297022656152e-05+5.6444522667271805e-05j),(-5.658241921012856e-05+3.058612189897834e-05j),(-6.454285601919297e-05-7.3014403118974554e-06j),(-4.8684359724477e-05-4.3974135187744045e-05j),(-1.327013068226809e-05-6.492476174334146e-05j),(2.2681176259424735e-05-5.728433796611947e-05j),(4.660112561102082e-05-3.4627173614612425e-05j),(4.9467865652635917e-05-3.2198421180948325e-05j),(3.213239262446395e-05-5.432827091032845e-05j),(-1.6662688486638344e-05-5.9757159407712444e-05j),(-5.365674741890461e-05-2.888397675277488e-05j),(-5.696640755227671e-05+1.825408367707796e-05j),(-2.594862404278934e-05+5.2634814577057924e-05j),(1.936035509059203e-05+5.41725184567084e-05j),(5.1272184176115134e-05+2.3383401613442463e-05j),(5.142405079967223e-05-1.994447090065063e-05j),(2.125302378879889e-05-4.957461296999716e-05j),(-1.9958657506352716e-05-4.8771961061940877e-05j),(-4.753934305149913e-05-1.9633511289940436e-05j),(-4.6268407283203675e-05+1.9336867785646455e-05j),(-1.8617653984681108e-05+4.514664405382224e-05j),(1.7981804388710293e-05+4.396311830053702e-05j),(4.234328265341531e-05+1.832288642723808e-05j),(4.189315205232134e-05-1.5741776436002827e-05j),(1.8901277807549796e-05-3.90083018894387e-05j),(-1.236826564652762e-05-4.0054091656041074e-05j),(-3.487773686882898e-05-2.0545719585533738e-05j),(-3.831616395803185e-05+7.438421173058611e-06j),(-2.3458331639156873e-05+2.9369683929951575e-05j),(2.3196396547847555e-07+3.6166398618459075e-05j),(2.117374864607031e-05+2.761021485172828e-05j),(3.188658581936367e-05+1.0293495686189965e-05j),(3.147473701768882e-05-7.488689968493323e-06j),(2.3991105636223545e-05-2.024486974788522e-05j),(1.4868297534929551e-05-2.6832410807959448e-05j),(8.141380946271554e-06-2.9126693665465578e-05j)
"(6,)",(2.6224688112880876e-05-2.0859473395382e-05j),(4.887476449309315e-06-2.459507866086173e-05j),(-1.289803524485313e-05-1.8241029739393985e-05j),(-1.897533962851369e-05-2.8805018975087832e-06j),(-1.292435901127687e-05+9.429047916762234e-06j),(-1.9571934453339045e-08-7.447921356748051e-09j),(-3.952792659852087e-08-1.0870152146685787e-08j),(-1.954011016967692e-08-7.435810915517273e-09j),(-1.2924359011276859e-05+9.429047916762252e-06j),(-1.89753396285137e-05-2.880501897508784e-06j),(-1.2898035244853139e-05-1.8241029739393992e-05j),(4.887476449309343e-06-2.4595078660861734e-05j),(2.3324506452652005e-05-1.4624730003989389e-05j),(2.8805667131887777e-05+7.542059619374649e-06j),(1.5210727813097221e-05+2.7995847765949345e-05j),(-1.0633449146833793e-05+3.2099459728696333e-05j),(-3.236996353907598e-05+1.4960563498745592e-05j),(-3.466977545597993e-05-1.406181983191753e-05j),(-1.4025809109273256e-05-3.648327773801418e-05j),(1.775687297268116e-05-3.66116968068151e-05j),(4.034084505796969e-05-1.2500626610904581e-05j),(3.7978368950396515e-05+2.1660666724616328e-05j),(1.0452539596193022e-05+4.393345332552524e-05j),(-2.5721713055996075e-05+3.880253337067606e-05j),(-4.724504347514995e-05+7.935260755574496e-06j),(-3.910639328405476e-05-2.9892392239253187e-05j),(-4.9949179256251314e-06-5.0256384905478226e-05j),(3.412766685274103e-05-3.890670660742384e-05j),(4.8774265686056764e-05-5.784410712530506e-06j),(4.5476034898272406e-05+2.0820925846814454e-05j),(4.5671363909474024e-05+2.1488429828590582e-05j),(5.851952778924132e-05+3.5071892089436094e-06j),(5.164052376704961e-05-2.664221635229101e-05j),(3.1623284306769986e-05-4.817875189137419e-05j),(5.2424205003770485e-06-5.6953108103526254e-05j),(-2.0563241947768314e-05-5.2950096623643493e-05j),(-4.063623347781173e-05-3.9197031037591914e-05j),(-5.244571429205593e-05-2.010507324738162e-05j),(-5.5927023911043266e-05+5.440720901155665e-08j),(-5.271110365160935e-05+1.8123990995086365e-05j),(-4.519242930031688e-05+3.239840500726873e-05j),(-3.576323704871257e-05+4.247209648135748e-05j),(-2.6359617893760127e-05+4.8831137916968164e-05j),(-1.831121563849285e-05+5.239887809402473e-05j),(-1.2401170782042996e-05+5.4162877352047716e-05j),(-9.023277559142462e-06+5.492616546651646e-05j),(-8.343486235742794e-06+5.5169274607755995e-05j),(-1.0406031613397531e-05+5.498807843676807e-05j),(-1.5154372897050302e-05+5.407919572265482e-05j),(-2.236040951652566e-05+5.176746159385117e-05j),(-3.147746931482327e-05+4.7096113016764246e-05j),(-4.146056539458065e-05+3.9017113508703246e-05j),(-5.0632914592582054e-05+2.6712984167184134e-05j),(-5.671035972965296e-05+1.0041022943554155e-05j),(-5.7101251634009725e-05-9.985987393814826e-06j),(-4.954814390219327e-05-3.086287346261816e-05j),(-3.30504111087007e-05-4.864577516392434e-05j),(-8.820485060184447e-06-5.8618355403774654e-05j),(1.9149601838640202e-05-5.6624385431454594e-05j),(4.438733248718862e-05-4.08140924140951e-05j),(5.940102938190851e-05-1.3203151262962056e-05j),(5.8159818095653074e-05+1.9765548335577473e-05j),(3.886548078473729e-05+4.8338998597819314e-05j),(5.83034690840841e-06+6.23736996451214e-05j),(-3.073888208459176e-05+5.531773110630318e-05j),(-5.7624461131563465e-05+2.7709325889302643e-05j),(-6.3557758550956e-05-1.1622051260449488e-05j),(-4.4428831773319683e-05-4.7850424553648027e-05j),(-6.278143310913558e-06-6.569302477152548e-05j),(2.9393117577216316e-05-5.394251298488599e-05j),(5.085347892603812e-05-2.782851815867148e-05j),(5.39676814088158e-05-2.44313016639003e-05j),(4.048366898019549e-05-4.885354380572034e-05j),(-6.751815738891094e-06-6.201601667475879e-05j),(-4.8302518677031256e-05-3.774622005941475e-05j),(-5.966432669696354e-05+8.050846849229968e-06j),(-3.533507141329967e-05+4.736312397087915e-05j),(8.820596625221697e-06+5.72862630698486e-05j),(4.602379628210284e-05+3.331035010135619e-05j),(5.491434742877912e-05-9.004006126410964e-06j),(3.173901215793694e-05-4.4259530582075004e-05j),(-8.526091136311538e-06-5.257392456735239e-05j),(-4.20219142955677e-05-3.069627508964876e-05j),(-5.027459330925071e-05+7.283914772105065e-06j),(-3.0265744247250433e-05+3.922163154884375e-05j),(5.13117265295974e-06+4.799243288868264e-05j),(3.5696746057076345e-05+3.0534389443618124e-05j),(4.563163522648345e-05-1.8555467257761806e-06j),(3.1570517929702494e-05-3.1153757012799165e-05j),(2.8489648561799815e-06-4.293820614575026e-05j),(-2.5058076394625858e-05-3.334772943045446e-05j),(-3.929926878288457e-05-9.387974561738313e-06j),(-3.549713195145414e-05+1.6447592784581662e-05j),(-1.810445658969083e-05+3.327846275434358e-05j),(3.7558207504072765e-06+3.652312768984212e-05j),(2.1703867591657457e-05+2.827920420232603e-05j),(3.1610251552802355e-05+1.4355213728237456e-05j),(3.395641199902352e-05+5.163698556424604e-07j),(3.1932019817957515e-05-9.817904021205453e-06j),(2.9091292977888806e-05-1.5734654315945652e-05j)
"(7,)",(3.5896669975898026e-05+5.244249387962313e-06j),(2.3324506452651974e-05-1.4624730003989367e-05j),(4.887476449309334e-06-2.459507866086171e-05j),(-1.2898035244853113e-05-1.8241029739393972e-05j),(-1.897533962851367e-05-2.880501897508805e-06j),(-1.2924359011276859e-05+9.429047916762245e-06j),(-1.954011016967692e-08-7.435810915517273e-09j),(-3.952792659852167e-08-1.0870152146685079e-08j),(-1.954011016967253e-08-7.43581091551808e-09j),(-1.292435901127687e-05+9.429047916762254e-06j),(-1.897533962851371e-05-2.880501897508775e-06j),(-1.2898035244853137e-05-1.8241029739394006e-05j),(4.887476449309323e-06-2.459507866086175e-05j),(2.3324506452652018e-05-1.4624730003989384e-05j),(2.8805667131887784e-05+7.542059619374652e-06j),(1.5210727813097227e-05+2.799584776594935e-05j),(-1.0633449146833764e-05+3.209945972869639e-05j),(-3.236996353907592e-05+1.4960563498745604e-05j),(-3.4669775455979977e-05-1.4061819831917555e-05j),(-1.402580910927329e-05-3.6483277738014204e-05j),(1.7756872972681143e-05-3.661169680681512e-05j),(4.034084505796968e-05-1.2500626610904542e-05j),(3.797836895039655e-05+2.1660666724616345e-05j),(1.045253959619313e-05+4.393345332552517e-05j),(-2.5721713055996285e-05+3.880253337067605e-05j),(-4.72450434751498e-05+7.935260755574535e-06j),(-3.910639328405494e-05-2.9892392239253208e-05j),(-4.994917925625073e-06-5.0256384905478226e-05j),(2.840378916062577e-05-3.86680491848361e-05j),(4.5220793374265675e-05-1.859272466779054e-05j),(4.584348872197359e-05-1.8270384645738593e-05j),(4.16181693356013e-05-3.940212968730111e-05j),(1.562484656219936e-05-5.459547640097707e-05j),(-1.291749362637058e-05-5.480291704460501e-05j),(-3.665395506492214e-05-4.216224080188653e-05j),(-5.110837725570405e-05-2.1583616846143456e-05j),(-5.512567605180417e-05+1.3679303885141509e-06j),(-5.01976763702561e-05+2.213389203352098e-05j),(-3.925979223440992e-05+3.799591489849982e-05j),(-2.5515748927099626e-05+4.812029600156507e-05j),(-1.1630549491454222e-05+5.309532916999159e-05j),(6.181854073732253e-07+5.429283930177426e-05j),(1.031808052067327e-05+5.330065966754393e-05j),(1.7189091362399265e-05+5.154131199790468e-05j),(2.1289337073696943e-05+5.008066804020858e-05j),(2.2759776206852076e-05+4.956822304699731e-05j),(2.1657429691744242e-05+5.023629428606368e-05j),(1.789478754243911e-05+5.190331701545831e-05j),(1.1290087084541562e-05+5.396048218890714e-05j),(1.7280633530706895e-06+5.536026152911028e-05j),(-1.0582041442083261e-05+5.466146512122765e-05j),(-2.479714860541642e-05+5.02069671669228e-05j),(-3.917883439867456e-05+4.049998948692431e-05j),(-5.103400333613637e-05+2.4785043326198702e-05j),(-5.703050302152227e-05+3.726026587325725e-06j),(-5.399470903842613e-05-2.0066167283245315e-05j),(-4.012071262265106e-05-4.200320662219032e-05j),(-1.625981868522779e-05-5.62985969260102e-05j),(1.328057494117238e-05-5.763286072705025e-05j),(4.1057620449930206e-05-4.336030493030189e-05j),(5.829780358024076e-05-1.5456546679368006e-05j),(5.7949778398058294e-05+1.8832375324609955e-05j),(3.800201839468941e-05+4.844994780823553e-05j),(3.560251942994083e-06+6.213549836161418e-05j),(-3.3718918587790724e-05+5.311790207355002e-05j),(-5.933512432967902e-05+2.29270130158327e-05j),(-6.181068924315598e-05-1.7782936589510432e-05j),(-3.8341703800593974e-05-5.253266173919174e-05j),(2.630769306150563e-06-6.571250047175204e-05j),(3.703825554899447e-05-4.883508165643343e-05j),(5.469004590647259e-05-1.9051380888626267e-05j),(5.7692744874419126e-05-1.4502963284063477e-05j),(4.908221068395898e-05-4.0806715857609297e-05j),(5.221481685661768e-06-6.256715066033958e-05j),(-4.017951201029771e-05-4.6857824079606626e-05j),(-6.049540167926206e-05-4.3612055950467375e-06j),(-4.494829762157517e-05+3.908474702016403e-05j),(-4.085918748490471e-06+5.831966130597416e-05j),(3.747809769001346e-05+4.340412750173052e-05j),(5.603588368725533e-05+4.47049674505888e-06j),(4.227400655856523e-05-3.5289284494083274e-05j),(5.609893445550384e-06-5.36138248344644e-05j),(-3.240675659822672e-05-4.159834981989077e-05j),(-5.097622830230541e-05-7.6257056837702715e-06j),(-4.1393716327054424e-05+2.8653231419516676e-05j),(-1.0670962599928208e-05+4.796007449984927e-05j),(2.3747297330965185e-05+4.161580475522691e-05j),(4.424296400111684e-05+1.4923000676411099e-05j),(4.2071187696205554e-05-1.7247842924849226e-05j),(2.0530061574717e-05-3.9203201932653484e-05j),(-8.497033411715182e-06-4.220561545587625e-05j),(-3.166906421691672e-05-2.7400268241704614e-05j),(-4.06064519629704e-05-3.3221915531497837e-06j),(-3.4493024285773875e-05+1.958408404941386e-05j),(-1.8469437085397693e-05+3.3970993164427565e-05j),(2.6547616410217507e-07+3.7772438695319834e-05j),(1.6058470668184566e-05+3.334359811796953e-05j),(2.646190186355352e-05+2.499041409060037e-05j),(3.1852266414195215e-05+1.6677303692548427e-05j),(3.397101604815016e-05+1.0935494023451394e-05j)
"(8,)",(2.219190581635483e-05+3.1884134508858934e-05j),(2.8805667131887754e-05+7.542059619374621e-06j),(2.332450645265198e-05-1.4624730003989369e-05j),(4.887476449309321e-06-2.4595078660861703e-05j),(-1.2898035244853103e-05-1.8241029739393975e-05j),(-1.8975339628513688e-05-2.880501897508775e-06j),(-1.2924359011276859e-05+9.429047916762252e-06j),(-1.954011016967253e-08-7.43581091551808e-09j),(-3.9527926598520665e-08-1.0870152146685713e-08j),(-1.954011016967465e-08-7.435810915517276e-09j),(-1.2924359011276862e-05+9.42904791676226e-06j),(-1.8975339628513708e-05-2.880501897508788e-06j),(-1.2898035244853147e-05-1.824102973939399e-05j),(4.887476449309329e-06-2.4595078660861744e-05j),(2.3324506452652005e-05-1.4624730003989374e-05j),(2.8805667131887767e-05+7.542059619374664e-06j),(1.521072781309726e-05+2.799584776594935e-05j),(-1.0633449146833728e-05+3.209945972869633e-05j),(-3.2369963539075954e-05+1.4960563498745621e-05j),(-3.466977545597999e-05-1.406181983191755e-05j),(-1.4025809109273286e-05-3.6483277738014204e-05j),(1.7756872972681177e-05-3.661169680681509e-05j),(4.03408450579697e-05-1.2500626610904549e-05j),(3.797836895039657e-05+2.16606667246162e-05j),(1.045253959619296e-05+4.393345332552526e-05j),(-2.572171305599611e-05+3.880253337067593e-05j),(-4.724504347514991e-05+7.935260755574626e-06j),(-3.910639328405488e-05-2.989239223925326e-05j),(-8.641100280952027e-06-4.60100044067615e-05j),(1.6876053705603386e-05-4.466353977236689e-05j),(1.7545399657186264e-05-4.489320442004943e-05j),(-2.810720249460367e-07-5.596705872198956e-05j),(-2.83414992286827e-05-4.764334074013685e-05j),(-4.7473009184770306e-05-2.7671025778930236e-05j),(-5.4445471547633024e-05-2.6734030886842377e-06j),(-4.9872519342074255e-05+2.1033573355054074e-05j),(-3.694254325847919e-05+3.910922176063105e-05j),(-1.9784906271999607e-05+4.973918467417646e-05j),(-2.1206087225656865e-06+5.3279291502042844e-05j),(1.348637888289509e-05+5.143536029563984e-05j),(2.5780798558308594e-05+4.64057388080268e-05j),(3.456376851346439e-05+4.025185338775516e-05j),(4.027123154969369e-05+3.4575631627330354e-05j),(4.356179097557225e-05+3.0449824812528034e-05j),(4.5004777095110264e-05+2.8490189661350017e-05j),(4.4888891282736066e-05+2.8960475979847984e-05j),(4.3138493777204115e-05+3.1833404672105394e-05j),(3.932509318678629e-05+3.6771902112824536e-05j),(3.277952195168303e-05+4.3036826243745615e-05j),(2.282446219826865e-05+4.9370658856689865e-05j),(9.13659945876016e-06+5.394930424707423e-05j),(-7.801435190280097e-06+5.4522591897919225e-05j),(-2.628426038203837e-05+4.885096353685019e-05j),(-4.32173020105468e-05+3.546124306806143e-05j),(-5.44511012150654e-05+1.4580510997176421e-05j),(-5.5776772322333815e-05-1.1094140375908272e-05j),(-4.449232384732647e-05-3.6269373666339916e-05j),(-2.1088384107561325e-05-5.399459615212943e-05j),(9.711558912821365e-06-5.774930518954772e-05j),(3.9364415939903625e-05-4.4190365251738857e-05j),(5.778469075315264e-05-1.549262590753851e-05j),(5.708292364331409e-05+2.0021762243774755e-05j),(3.5434068676222586e-05+4.987263588961212e-05j),(-7.967970941080922e-07+6.187740000186433e-05j),(-3.823247553741497e-05+4.957001741417008e-05j),(-6.124540775165861e-05+1.6125711732735064e-05j),(-5.876373582219298e-05-2.5543514567970006e-05j),(-3.0115218699466928e-05-5.7407593730439746e-05j),(1.3270873143936635e-05-6.422995185339427e-05j),(4.500661907920682e-05-4.146346491593944e-05j),(5.729717986940247e-05-8.254256463844286e-06j),(5.9714646659602085e-05-2.4580172000575425e-06j),(5.6952075576655116e-05-2.9770329907992314e-05j),(1.8838762876083456e-05-6.036930998920355e-05j),(-2.8824836119734637e-05-5.512370797662686e-05j),(-5.82927157911281e-05-1.8500280533234872e-05j),(-5.3542636161701324e-05+2.729528076809819e-05j),(-1.8783324398674135e-05+5.595892030293232e-05j),(2.5099758886954923e-05+5.2225506904347106e-05j),(5.330361002277384e-05+1.9762230915522446e-05j),(5.116610018053294e-05-2.212084333158999e-05j),(2.1518922829046946e-05-5.020987590444611e-05j),(-1.819047374070304e-05-5.0313884155257584e-05j),(-4.647497077406329e-05-2.4133802208808927e-05j),(-4.9532061982641716e-05+1.3071523779146324e-05j),(-2.7657005300203134e-05+4.1755715275756616e-05j),(6.442961724520444e-06+4.851468037642711e-05j),(3.5482674477117315e-05+3.202945207337989e-05j),(4.6623554937850396e-05+2.082571266110306e-06j),(3.687850667653647e-05-2.67449916703852e-05j),(1.2808645729101827e-05-4.2581627981156094e-05j),(-1.4226903240798154e-05-4.101565778142508e-05j),(-3.3990540892010135e-05-2.536048935052577e-05j),(-4.1332038784187135e-05-3.3732882156388734e-06j),(-3.684119238826233e-05+1.7090450421721497e-05j),(-2.4849998436321e-05+3.1160035358436224e-05j),(-1.0554239665980132e-05+3.777004121294085e-05j),(2.128365294174859e-06+3.865201459100806e-05j),(1.1281657002478965e-05+3.664873503014004e-05j),(1.6552927176413896e-05+3.434612359356229e-05j)
"(9,)",(-8.602280438148726e-06+4.034766675956766e-05j),(1.5210727813097238e-05+2.799584776594931e-05j),(2.8805667131887747e-05+7.5420596193746456e-06j),(2.3324506452651984e-05-1.4624730003989357e-05j),(4.887476449309347e-06-2.45950786608617e-05j),(-1.2898035244853129e-05-1.8241029739393982e-05j),(-1.89753396285137e-05-2.880501897508784e-06j),(-1.292435901127687e-05+9.429047916762254e-06j),(-1.954011016967465e-08-7.435810915517276e-09j),(-3.952792659852098e-08-1.0870152146685691e-08j),(-1.9413841283276435e-08-7.387760441103222e-09j),(-1.2924359011276884e-05+9.429047916762252e-06j),(-1.8975339628513708e-05-2.880501897508781e-06j),(-1.2898035244853137e-05-1.8241029739394002e-05j),(4.887476449309336e-06-2.4595078660861744e-05j),(2.332450645265202e-05-1.4624730003989362e-05j),(2.8805667131887798e-05+7.542059619374648e-06j),(1.5210727813097237e-05+2.7995847765949298e-05j),(-1.0633449146833759e-05+3.209945972869636e-05j),(-3.236996353907598e-05+1.4960563498745594e-05j),(-3.466977545598e-05-1.4061819831917585e-05j),(-1.4025809109273225e-05-3.648327773801422e-05j),(1.7756872972681208e-05-3.661169680681511e-05j),(4.0340845057969635e-05-1.250062661090461e-05j),(3.797836895039653e-05+2.1660666724616413e-05j),(1.0452539596192985e-05+4.3933453325525116e-05j),(-2.5721713055996166e-05+3.880253337067606e-05j),(-4.72450434751499e-05+7.935260755574498e-06j),(-3.850597249898574e-05-2.446353684874592e-05j),(-2.0598267141970615e-05-4.176555400558392e-05j),(-2.0298698612412262e-05-4.241479240799337e-05j),(-4.0011479764967724e-05-3.7138843454015476e-05j),(-5.27577814839399e-05-1.1754146080765048e-05j),(-5.143019614968441e-05+1.4954487348239187e-05j),(-3.8669012742816756e-05+3.642468447912681e-05j),(-1.9339401623500067e-05+4.907028921313927e-05j),(1.493353526394863e-06+5.240499767162869e-05j),(1.9984970998161467e-05+4.8193590656800635e-05j),(3.408234901866731e-05+3.925358396764735e-05j),(4.338252568562988e-05+2.8418980932119306e-05j),(4.860324923079877e-05+1.792137065566164e-05j),(5.097761035328508e-05+9.200387535801726e-06j),(5.176736822621618e-05+3.0121250394288577e-06j),(5.1956984335253276e-05-3.3214554935889683e-07j),(5.210040807246449e-05-7.331272885538542e-07j),(5.226094183962752e-05+1.8398332089910774e-06j),(5.1999550102385066e-05+7.363892212522424e-06j),(5.040750221021802e-05+1.5643793658704223e-05j),(4.622307716926672e-05+2.6085089512730848e-05j),(3.809651113082065e-05+3.743036646907246e-05j),(2.5048784966846438e-05+4.758656690082397e-05j),(7.0909395396054e-06+5.371710313384104e-05j),(-1.4162224433738832e-05+5.275977736242591e-05j),(-3.518844786261169e-05+4.241262006820106e-05j),(-5.09210543462625e-05+2.239516780123805e-05j),(-5.600241028822793e-05-4.4892108662613965e-06j),(-4.679374232354923e-05-3.214129153198544e-05j),(-2.351560305581208e-05-5.234723343103217e-05j),(8.495856420955628e-06-5.7406846179431306e-05j),(3.941975738828471e-05-4.349838800707161e-05j),(5.7871777497785096e-05-1.3369723966639573e-05j),(5.543733213841971e-05+2.3233404790198884e-05j),(3.10318225357573e-05+5.23298575498965e-05j),(-7.174738880753283e-06+6.116445438629167e-05j),(-4.388160725595579e-05+4.42811413629885e-05j),(-6.269272946209646e-05+7.235487139218068e-06j),(-5.3783861006269655e-05-3.4476417522518566e-05j),(-1.9531617288199533e-05-6.164856969752614e-05j),(2.5208061972577562e-05-6.04088783189989e-05j),(5.243801655233531e-05-3.1438294711762935e-05j),(5.7733041106255076e-05+4.340826690534569e-06j),(5.899418099275519e-05+1.1325107758633462e-05j),(6.283250114895469e-05-1.5624535364348883e-05j),(3.323501002359215e-05-5.439741766906319e-05j),(-1.4137201946443455e-05-6.112373828501531e-05j),(-5.192814723877075e-05-3.3355262650686494e-05j),(-5.95028805361426e-05+1.1939052284763521e-05j),(-3.406162015003663e-05+4.8968965245066624e-05j),(8.92292003339314e-06+5.79194217315612e-05j),(4.538042241766196e-05+3.538719262124453e-05j),(5.62660359482291e-05-4.950768329485819e-06j),(3.733575748786529e-05-4.094768733001808e-05j),(1.4780162013386248e-07-5.433873328310367e-05j),(-3.534633357345596e-05-3.984203647427616e-05j),(-5.1768464683649764e-05-6.562025041117685e-06j),(-4.2687570389938935e-05+2.8100746543352404e-05j),(-1.4442179635092928e-05+4.790696611366575e-05j),(1.855571510819614e-05+4.532617206419745e-05j),(4.165298086731987e-05+2.3722702630123115e-05j),(4.653767679579481e-05-5.945171213084684e-06j),(3.364855455505486e-05-3.1261513690906785e-05j),(1.0164552837603634e-05-4.38219147618242e-05j),(-1.4456911559507942e-05-4.1658109473089556e-05j),(-3.273383653426526e-05-2.830193592558045e-05j),(-4.137186583837382e-05-9.858270060791585e-06j),(-4.1107804939674964e-05+8.015608396127718e-06j),(-3.506358922004711e-05+2.189790480719585e-05j),(-2.6861692516730693e-05+3.085902028261013e-05j),(-1.937901128840202e-05+3.568297528295351e-05j),(-1.4360118624711104e-05+3.778474980529777e-05j)
"(10,)",(-3.7281654639169754e-05+2.246679989702634e-05j),(-1.0633449146833732e-05+3.209945972869635e-05j),(1.5210727813097237e-05+2.7995847765949308e-05j),(2.8805667131887754e-05+7.542059619374631e-06j),(2.3324506452651974e-05-1.4624730003989342e-05j),(4.887476449309314e-06-2.4595078660861727e-05j),(-1.2898035244853139e-05-1.8241029739393992e-05j),(-1.897533962851371e-05-2.880501897508775e-06j),(-1.2924359011276862e-05+9.42904791676226e-06j),(-1.9413841283276435e-08-7.387760441103222e-09j),(-3.952792659852088e-08-1.087015214668561e-08j),(-1.941384128327666e-08-7.3877604411038705e-09j),(-1.292435901127687e-05+9.429047916762257e-06j),(-1.8975339628513708e-05-2.880501897508786e-06j),(-1.2898035244853132e-05-1.8241029739393996e-05j),(4.887476449309346e-06-2.4595078660861734e-05j),(2.332450645265201e-05-1.462473000398939e-05j),(2.880566713188775e-05+7.542059619374623e-06j),(1.5210727813097254e-05+2.7995847765949332e-05j),(-1.0633449146833764e-05+3.209945972869637e-05j),(-3.236996353907599e-05+1.4960563498745606e-05j),(-3.466977545597996e-05-1.4061819831917592e-05j),(-1.4025809109273242e-05-3.6483277738014244e-05j),(1.7756872972681082e-05-3.661169680681509e-05j),(4.0340845057969744e-05-1.2500626610904495e-05j),(3.797836895039641e-05+2.1660666724616294e-05j),(1.0452539596193058e-05+4.3933453325525204e-05j),(-2.572171305599621e-05+3.880253337067601e-05j),(-4.2978194589968055e-05+1.1118571996047889e-05j),(-4.3426103467629654e-05-1.3108528443898604e-05j),(-4.3691353276060795e-05-1.3781556563850173e-05j),(-5.305227639370497e-05+3.677720579054437e-06j),(-4.358007269603011e-05+2.9509980864214982e-05j),(-2.3989938996700345e-05+4.6289556492657724e-05j),(-6.460211325795618e-07+5.169702530434525e-05j),(2.0833521360672593e-05+4.691098089507585e-05j),(3.694026245327292e-05+3.519842745585222e-05j),(4.65349587636276e-05+2.035010564503939e-05j),(5.032236004369095e-05+5.536549789710232e-06j),(5.001446796191015e-05-7.2080216939373e-06j),(4.7567641598110476e-05-1.6964984412282554e-05j),(4.4684083788810926e-05-2.3602856359892123e-05j),(4.2588403854368424e-05-2.7365575107196884e-05j),(4.19869340536662e-05-2.8525084808543762e-05j),(4.309466253656384e-05-2.716513225290803e-05j),(4.5645885702929206e-05-2.311499510492032e-05j),(4.886200852919481e-05-1.6037306000375923e-05j),(5.1414580205263926e-05-5.671005932958805e-06j),(5.147872804324497e-05+7.79066026354883e-06j),(4.699954030592769e-05+2.3266209299662373e-05j),(3.625970387886718e-05+3.846548367711712e-05j),(1.871459036297607e-05+4.9929123020731916e-05j),(-4.138005593209736e-06+5.366193963247596e-05j),(-2.828564507457005e-05+4.6421951276351434e-05j),(-4.762197531653253e-05+2.739098481655116e-05j),(-5.554751687737399e-05-4.3195479940316295e-07j),(-4.752665921442387e-05-2.998138250933518e-05j),(-2.3724486046643768e-05-5.1680761968113076e-05j),(9.601689800404278e-06-5.675853569545337e-05j),(4.114501166923809e-05-4.1284540671858934e-05j),(5.832340172014962e-05-9.09295149723539e-06j),(5.2683522764071394e-05+2.8263892044118613e-05j),(2.4591879088718573e-05+5.5340999383463045e-05j),(-1.5409060950308905e-05+5.9376700114437374e-05j),(-5.00578043309928e-05+3.681495541431432e-05j),(-6.283329674537233e-05-3.6669692593506888e-06j),(-4.623124152981138e-05-4.389258010729124e-05j),(-6.589906594476107e-06-6.422445919157145e-05j),(3.766980092673944e-05-5.3434719180569146e-05j),(5.8223190152347754e-05-1.8618025117483838e-05j),(5.502196930010211e-05+1.814046005802472e-05j),(5.4511406766015714e-05+2.6024151137027268e-05j),(6.52618472240805e-05+1.2697998230715753e-06j),(4.70264496256956e-05-4.385242396440905e-05j),(3.4056635293771033e-06-6.32264926745694e-05j),(-4.0574782191648225e-05-4.731271142997505e-05j),(-6.100309521592774e-05-6.332120489756888e-06j),(-4.8011249606714995e-05+3.652700993412645e-05j),(-1.0141721036468667e-05+5.8442836062078964e-05j),(3.150760134504924e-05+4.905343612898966e-05j),(5.530235410686447e-05+1.4925258955245952e-05j),(5.027808493959742e-05-2.5241973456591687e-05j),(2.074056282142867e-05-5.11937567196875e-05j),(-1.737471742894067e-05-5.135431258592473e-05j),(-4.551445368197568e-05-2.7536957012023924e-05j),(-5.16452252421899e-05+7.495078605425377e-06j),(-3.4984499499636215e-05+3.7366689866685324e-05j),(-4.733934290595771e-06+4.9981987054418195e-05j),(2.5529805714697156e-05+4.211158333562021e-05j),(4.43506756439722e-05+1.91671418720086e-05j),(4.6613062666684575e-05-8.720019409690705e-06j),(3.41171168988943e-05-3.170460563438794e-05j),(1.3176027579386942e-05-4.384581289957617e-05j),(-8.912390755499544e-06-4.4167529538612435e-05j),(-2.6700760430889923e-05-3.548636803008754e-05j),(-3.7799315709471236e-05-2.222295846664347e-05j),(-4.255185702008757e-05-8.44142971689581e-06j),(-4.289591869995239e-05+3.193734133688713e-06j),(-4.1173121418744566e-05+1.1511295614184543e-05j),(-3.9332628681047314e-05+1.6347207232357357e-05j)
"(11,)",(-4.3955271696083866e-05-1.2461017122067495e-05j),(-3.236996353907596e-05+1.4960563498745577e-05j),(-1.0633449146833784e-05+3.2099459728696333e-05j),(1.5210727813097208e-05+2.7995847765949335e-05j),(2.8805667131887744e-05+7.54205961937468e-06j),(2.3324506452652008e-05-1.4624730003989364e-05j),(4.887476449309343e-06-2.4595078660861734e-05j),(-1.2898035244853137e-05-1.8241029739394006e-05j),(-1.8975339628513708e-05-2.880501897508788e-06j),(-1.2924359011276884e-05+9.429047916762252e-06j),(-1.941384128327666e-08-7.3877604411038705e-09j),(-3.9527926598520916e-08-1.0870152146685671e-08j),(-1.9445255265935174e-08-7.399714746024465e-09j),(-1.2924359011276864e-05+9.429047916762249e-06j),(-1.8975339628513695e-05-2.8805018975087824e-06j),(-1.2898035244853118e-05-1.824102973939399e-05j),(4.88747644930932e-06-2.4595078660861737e-05j),(2.332450645265195e-05-1.4624730003989365e-05j),(2.8805667131887767e-05+7.542059619374612e-06j),(1.521072781309727e-05+2.799584776594932e-05j),(-1.0633449146833728e-05+3.209945972869637e-05j),(-3.2369963539075954e-05+1.4960563498745606e-05j),(-3.466977545597997e-05-1.4061819831917572e-05j),(-1.4025809109273325e-05-3.648327773801411e-05j),(1.775687297268123e-05-3.6611696806815074e-05j),(4.034084505796957e-05-1.2500626610904505e-05j),(3.797836895039652e-05+2.166066672461627e-05j),(1.0452539596192965e-05+4.393345332552518e-05j),(-2.0622950208435983e-05+3.7881404873816296e-05j),(-3.815025605348967e-05+2.2163468380911758e-05j),(-3.882879418904286e-05+2.1886246423037253e-05j),(-3.2705063274583414e-05+4.007927501185278e-05j),(-8.240791480753676e-06+5.050535717547732e-05j),(1.643617919755626e-05+4.7936178114843624e-05j),(3.5624400873101346e-05+3.54298026157711e-05j),(4.663119715286436e-05+1.7709216784051806e-05j),(4.9587154737370654e-05-7.225538545017164e-07j),(4.645869388751218e-05-1.6733351707852824e-05j),(3.989641781139224e-05-2.88664402056612e-05j),(3.2363397714209746e-05-3.7033082074514e-05j),(2.5701059489583212e-05-4.1939395529394853e-05j),(2.106589323143996e-05-4.4524968546024926e-05j),(1.906775108260153e-05-4.555198720543458e-05j),(1.994069077284871e-05-4.536750806078347e-05j),(2.3630228159075253e-05-4.380956829323132e-05j),(2.974760949793434e-05-4.023550348210919e-05j),(3.7409245820418803e-05-3.368701305294183e-05j),(4.5049828419876875e-05-2.323038740027707e-05j),(5.036520248861311e-05-8.483702176336044e-06j),(5.057460005799119e-05+9.754239808217021e-06j),(4.313810293078775e-05+2.9005530057915787e-05j),(2.68823837206999e-05+4.50985632461671e-05j),(3.1981026047664133e-06+5.296854819441002e-05j),(-2.330076958309918e-05+4.834503020330116e-05j),(-4.532110061608861e-05+2.991962089600887e-05j),(-5.496865948973586e-05+1.0806320794888482e-06j),(-4.6968112876149584e-05-2.990833647975712e-05j),(-2.17982964251967e-05-5.202992386423173e-05j),(1.2944216897195002e-05-5.567928304157982e-05j),(4.427313960967054e-05-3.736963435098751e-05j),(5.866466307845575e-05-2.6571072859393824e-06j),(4.832860474636852e-05+3.475387513993099e-05j),(1.592421698154753e-05+5.820162073433084e-05j),(-2.5142249206252027e-05+5.575677927215175e-05j),(-5.589887363117318e-05+2.680341212995986e-05j),(-6.069320185776623e-05-1.6236542246378507e-05j),(-3.559287206017073e-05-5.2787096740707555e-05j),(8.350928560542938e-06-6.396353974373545e-05j),(4.948877801361232e-05-4.267595773709608e-05j),(6.106939585853362e-05-3.267101606125782e-06j),(4.831366099756141e-05+3.2101512437065976e-05j),(4.5468231789644315e-05+4.031054956056786e-05j),(6.276500340582688e-05+1.9902863666486354e-05j),(5.833486872488308e-05-2.843846591768641e-05j),(2.2557830329759144e-05-5.983293431078222e-05j),(-2.40454905884355e-05-5.821407308728478e-05j),(-5.63295130632072e-05-2.5951542995489615e-05j),(-5.8136732117864976e-05+1.8638045391620655e-05j),(-3.009128778447598e-05+5.1999958560397434e-05j),(1.2013702346628178e-05+5.787053187373263e-05j),(4.647578236196988e-05+3.491379630832056e-05j),(5.701758607983153e-05-3.9507007792356705e-06j),(4.020678054690652e-05-3.9241476726623034e-05j),(5.7357866140125904e-06-5.4917438239968535e-05j),(-2.9618519647829856e-05-4.5460782459462344e-05j),(-5.051375156399848e-05-1.704440311300749e-05j),(-4.9604802664850846e-05+1.6828206360247967e-05j),(-2.9438352724533394e-05+4.222268009786872e-05j),(2.9856756328712866e-07+5.058807446385913e-05j),(2.7987073083962942e-05+4.111758844194495e-05j),(4.491529786287423e-05+1.9405844746771416e-05j),(4.777584734193096e-05-6.113926221235368e-06j),(3.8409032099983774e-05-2.787581023330902e-05j),(2.1697477872105604e-05-4.148418375625704e-05j),(3.029976044594312e-06-4.6145702356348116e-05j),(-1.3537270023855378e-05-4.370487898859203e-05j),(-2.5982881929646584e-05-3.7164272674401354e-05j),(-3.40702724699325e-05-2.94400808072832e-05j),(-3.862284363980128e-05-2.270004605293644e-05j),(-4.076569759773035e-05-1.8246472624930364e-05j)
"(12,)",(-2.1871911040111984e-05-4.2444836801281305e-05j),(-3.4669775455979956e-05-1.4061819831917531e-05j),(-3.236996353907594e-05+1.4960563498745584e-05j),(-1.0633449146833754e-05+3.209945972869634e-05j),(1.5210727813097198e-05+2.7995847765949308e-05j),(2.880566713188777e-05+7.542059619374639e-06j),(2.3324506452652005e-05-1.4624730003989389e-05j),(4.887476449309323e-06-2.459507866086175e-05j),(-1.2898035244853147e-05-1.824102973939399e-05j),(-1.8975339628513708e-05-2.880501897508781e-06j),(-1.292435901127687e-05+9.429047916762257e-06j),(-1.9445255265935174e-08-7.399714746024465e-09j),(-3.9527926598520804e-08-1.0870152146685728e-08j),(-1.9476771076738355e-08-7.411707800717668e-09j),(-1.2924359011276874e-05+9.429047916762245e-06j),(-1.8975339628513695e-05-2.8805018975088044e-06j),(-1.2898035244853135e-05-1.824102973939401e-05j),(4.887476449309321e-06-2.4595078660861703e-05j),(2.3324506452651994e-05-1.4624730003989377e-05j),(2.880566713188778e-05+7.542059619374648e-06j),(1.5210727813097247e-05+2.799584776594935e-05j),(-1.0633449146833793e-05+3.2099459728696354e-05j),(-3.2369963539075995e-05+1.496056349874556e-05j),(-3.466977545597995e-05-1.4061819831917514e-05j),(-1.4025809109273163e-05-3.648327773801427e-05j),(1.7756872972681167e-05-3.661169680681498e-05j),(4.034084505796969e-05-1.2500626610904573e-05j),(3.797836895039649e-05+2.1660666724616352e-05j),(1.3179508940036116e-05+3.970075116079542e-05j),(-9.560513823684804e-06+4.176421132730907e-05j),(-1.0239948226276581e-05+4.2067185973928344e-05j),(6.634766169499025e-06+4.979858944252512e-05j),(3.0116274788232757e-05+3.950312327075456e-05j),(4.462607715628614e-05+2.0654704510377475e-05j),(4.8740888729353176e-05-7.49983331268372e-07j),(4.4135684226589155e-05-1.9856800336033196e-05j),(3.407727312163198e-05-3.3986742306243914e-05j),(2.197776312723382e-05-4.2609278748299275e-05j),(1.0486250603379685e-05-4.667666329822509e-05j),(1.2051038572523894e-06-4.7799143730111066e-05j),(-5.1443388644407066e-06-4.7582511470374306e-05j),(-8.362904607351573e-06-4.723420005974846e-05j),(-8.433134916813572e-06-4.7389475919826236e-05j),(-5.322810234211472e-06-4.805540660991996e-05j),(1.0138741512584917e-06-4.860046377567086e-05j),(1.0433625682142368e-05-4.7792169345566256e-05j),(2.224805744707262e-05-4.3960824664664694e-05j),(3.4840778155518915e-05-3.539921449819927e-05j),(4.547872851819962e-05-2.105292241375803e-05j),(5.05907448205456e-05-1.393638469973748e-06j),(4.670512778949846e-05+2.08605213669848e-05j),(3.196477441125986e-05+4.068475605033767e-05j),(7.724754864252768e-06+5.179724871510569e-05j),(-2.061642282136027e-05+4.886891105015259e-05j),(-4.4408184374064585e-05+3.0271787715146043e-05j),(-5.448020983816511e-05+1.1213509539358391e-07j),(-4.5135326524666566e-05-3.18528769889414e-05j),(-1.771024693028744e-05-5.315627705750944e-05j),(1.8363552251657534e-05-5.378563088618528e-05j),(4.832200641662122e-05-3.145008583650172e-05j),(5.8194250109684346e-05+5.867486451021269e-06j),(4.1794730258914354e-05+4.2115111978103614e-05j),(4.975691868556783e-06+5.9979880793648855e-05j),(-3.572097683569989e-05+4.950133930392343e-05j),(-6.0279720031884515e-05+1.4097054856738703e-05j),(-5.527904893997473e-05-2.9738850123437936e-05j),(-2.1660660184295987e-05-5.983671504576819e-05j),(2.4437985689159587e-05-5.969378396791162e-05j),(5.911629356120261e-05-2.7895304094314637e-05j),(5.965271027436972e-05+1.379558973726804e-05j),(3.710326888133302e-05+4.4720530482180385e-05j),(3.1550520534767675e-05+5.238003825803288e-05j),(5.4153012154925966e-05+3.851985787636752e-05j),(6.496004440128963e-05-8.665525498044523e-06j),(4.122057384736659e-05-4.9754037651496767e-05j),(-3.144845556408695e-06-6.36054038635549e-05j),(-4.436062975391474e-05-4.438427047861502e-05j),(-6.172203821033663e-05-3.4635438161494794e-06j),(-4.784474116142741e-05+3.7654976227516694e-05j),(-1.1245681418621185e-05+5.888768821430114e-05j),(2.9237330844682462e-05+5.1269832913374305e-05j),(5.4473062496400435e-05+2.0186274453410342e-05j),(5.40433627665594e-05-1.8652643422949127e-05j),(3.0022670463714778e-05-4.757871287595575e-05j),(-5.499808250345044e-06-5.508454476151473e-05j),(-3.701745698920932e-05-3.9962682676161885e-05j),(-5.261502159464216e-05-1.0264884626618252e-05j),(-4.8191270085745035e-05+2.1488242927684047e-05j),(-2.7622608899385507e-05+4.400025905077934e-05j),(3.062608779928148e-07+5.117348135990337e-05j),(2.6155465322744952e-05+4.3126123539183556e-05j),(4.323663616885342e-05+2.460794888669102e-05j),(4.906653644699582e-05+2.1711245041255026e-06j),(4.4902950632841195e-05-1.8438086505955545e-05j),(3.416655076538096e-05-3.376339178834157e-05j),(2.071906313391728e-05-4.28542259071921e-05j),(7.667020983106897e-06-4.6615098496532314e-05j),(-3.1012437002192077e-06-4.6858701551965614e-05j),(-1.0794732687324071e-05-4.5497747469934345e-05j),(-1.530857605747118e-05-4.4056654095042953e-05j)
"(13,)",(1.6724489781104804e-05-4.682722960490036e-05j),(-1.402580910927326e-05-3.648327773801417e-05j),(-3.466977545597993e-05-1.4061819831917573e-05j),(-3.236996353907594e-05+1.4960563498745555e-05j),(-1.0633449146833788e-05+3.209945972869631e-05j),(1.5210727813097238e-05+2.799584776594933e-05j),(2.8805667131887777e-05+7.542059619374649e-06j),(2.3324506452652018e-05-1.4624730003989384e-05j),(4.887476449309329e-06-2.4595078660861744e-05j),(-1.2898035244853137e-05-1.8241029739394002e-05j),(-1.8975339628513708e-05-2.880501897508786e-06j),(-1.2924359011276864e-05+9.429047916762249e-06j),(-1.9476771076738355e-08-7.411707800717668e-09j),(-3.9527926598520764e-08-1.0870152146686039e-08j),(-1.9445255265930413e-08-7.399714746023961e-09j),(-1.2924359011276865e-05+9.429047916762245e-06j),(-1.8975339628513705e-05-2.8805018975087756e-06j),(-1.2898035244853132e-05-1.8241029739393955e-05j),(4.8874764493093015e-06-2.459507866086173e-05j),(2.332450645265199e-05-1.4624730003989398e-05j),(2.880566713188779e-05+7.542059619374623e-06j),(1.5210727813097242e-05+2.7995847765949332e-05j),(-1.0633449146833762e-05+3.209945972869636e-05j),(-3.2369963539075887e-05+1.4960563498745657e-05j),(-3.466977545597997e-05-1.4061819831917638e-05j),(-1.4025809109273208e-05-3.648327773801409e-05j),(1.775687297268112e-05-3.66116968068151e-05j),(4.034084505796966e-05-1.2500626610904535e-05j),(3.6782022312845095e-05+1.6924950320010614e-05j),(2.3257519571554716e-05+3.440523368405709e-05j),(2.3002268200752115e-05+3.511733419395461e-05j),(3.958690006470582e-05+2.8369134454488967e-05j),(4.785335248899413e-05+5.148086476696607e-06j),(4.437569027620793e-05-1.730124499538631e-05j),(3.2541095522364635e-05-3.4202050155051935e-05j),(1.6838107062888757e-05-4.3746991376540916e-05j),(1.1652335812711084e-06-4.66176040551137e-05j),(-1.2017898714112443e-05-4.489877835201913e-05j),(-2.172975632868719e-05-4.101325245579023e-05j),(-2.801630119937519e-05-3.7024926533480334e-05j),(-3.136319628724561e-05-3.4356537209430966e-05j),(-3.220686879767284e-05-3.377849067858864e-05j),(-3.0644351509358005e-05-3.5479175659223634e-05j),(-2.6363137594495217e-05-3.9081249547911585e-05j),(-1.8795664720670673e-05-4.35707011925316e-05j),(-7.502326031674741e-06-4.721914149484555e-05j),(7.256711020936866e-06-4.7672700401797006e-05j),(2.3916833715236912e-05-4.240477240587191e-05j),(3.9280692762627554e-05-2.9625038849492503e-05j),(4.885545366793644e-05-9.479670796902556e-06j),(4.8111456590293136e-05+1.495712043214407e-05j),(3.45051643379495e-05+3.761591905870782e-05j),(9.532190698018087e-06+5.086257942716372e-05j),(-2.034652339404849e-05+4.838418837648566e-05j),(-4.494585586458653e-05+2.857484547448677e-05j),(-5.396086229267261e-05-3.263973298351311e-06j),(-4.179929235383868e-05-3.5564098601566975e-05j),(-1.1372258197974119e-05-5.454959522767494e-05j),(2.5555286468595683e-05-5.047811888084144e-05j),(5.2554391459452356e-05-2.319717803027201e-05j),(5.602408768992518e-05+1.6214223553406392e-05j),(3.2544240059836923e-05+4.946031197344995e-05j),(-8.0175418370763e-06+5.9557749983200556e-05j),(-4.6112513963216274e-05+3.991126342651831e-05j),(-6.186885968815592e-05-1.0570274818182944e-06j),(-4.576177565306147e-05-4.296404926239186e-05j),(-4.7359900571145086e-06-6.34841068658457e-05j),(4.024168374918231e-05-5.04696843331325e-05j),(6.474380617281182e-05-9.48357473872576e-06j),(5.286618856005476e-05+3.110468095604361e-05j),(2.1486188252714043e-05+5.413286720270425e-05j),(1.320863437160974e-05+6.012129104424778e-05j),(3.891160329562966e-05+5.466819048478242e-05j),(6.473464777925911e-05+1.3901032369820806e-05j),(5.6552045475507776e-05-3.268068751136242e-05j),(2.0075545063401478e-05-6.121154006262141e-05j),(-2.5131889658367084e-05-5.833938067381053e-05j),(-5.646754208430333e-05-2.708065521952484e-05j),(-5.9620852895444626e-05+1.5998067916573575e-05j),(-3.473311506913577e-05+4.994791731024475e-05j),(5.041014054713397e-06+5.9737106241302384e-05j),(4.0939937054571153e-05+4.2578945049520646e-05j),(5.766785650530086e-05+7.82108648504663e-06j),(4.967804316162813e-05-2.862518885820834e-05j),(2.2239831766699954e-05-5.192680376067414e-05j),(-1.2304748870879012e-05-5.4283832237737995e-05j),(-4.05802765933837e-05-3.690935504860954e-05j),(-5.3482995924589265e-05-7.980354854188419e-06j),(-4.8702418947752834e-05+2.1720244893918894e-05j),(-3.0084715029477395e-05+4.316361893401577e-05j),(-4.885093047755499e-06+5.171203362658513e-05j),(1.945896816960093e-05+4.748546384205226e-05j),(3.768451187059498e-05+3.398535282479009e-05j),(4.7605788372142195e-05+1.6026121658420807e-05j),(4.9735498576398006e-05-2.0582008536737877e-06j),(4.621969327828219e-05-1.741234240490983e-05j),(3.970888136465775e-05-2.8831405083886816e-05j),(3.255964945232081e-05-3.638063660083037e-05j),(2.647491598714118e-05-4.0809523137426995e-05j),(2.2486959163218334e-05-4.301513490932648e-05j)
"(14,)",(4.7369245892528934e-05-2.0522362846029177e-05j),(1.775687297268115e-05-3.661169680681505e-05j),(-1.402580910927321e-05-3.648327773801417e-05j),(-3.4669775455979916e-05-1.4061819831917587e-05j),(-3.236996353907594e-05+1.4960563498745518e-05j),(-1.063344914683377e-05+3.2099459728696333e-05j),(1.5210727813097221e-05+2.7995847765949345e-05j),(2.8805667131887784e-05+7.542059619374652e-06j),(2.3324506452652005e-05-1.4624730003989374e-05j),(4.887476449309336e-06-2.4595078660861744e-05j),(-1.2898035244853132e-05-1.8241029739393996e-05j),(-1.8975339628513695e-05-2.8805018975087824e-06j),(-1.2924359011276874e-05+9.429047916762245e-06j),(-1.9445255265930413e-08-7.399714746023961e-09j),(-3.9527926598519924e-08-1.0870152146686406e-08j),(-1.944525526593243e-08-7.3997147460233906e-09j),(-1.292435901127686e-05+9.42904791676226e-06j),(-1.897533962851367e-05-2.8805018975087523e-06j),(-1.2898035244853152e-05-1.8241029739393962e-05j),(4.887476449309293e-06-2.4595078660861737e-05j),(2.332450645265198e-05-1.4624730003989406e-05j),(2.880566713188778e-05+7.542059619374623e-06j),(1.5210727813097266e-05+2.7995847765949342e-05j),(-1.063344914683365e-05+3.209945972869636e-05j),(-3.2369963539076e-05+1.4960563498745574e-05j),(-3.466977545597986e-05-1.406181983191751e-05j),(-1.4025809109273301e-05-3.648327773801416e-05j),(1.7756872972681164e-05-3.661169680681506e-05j),(3.619870941381099e-05-1.478249469526628e-05j),(3.967621665450724e-05+6.276581729822798e-06j),(4.002042693718452e-05+6.966362053537675e-06j),(4.6230071193335884e-05-9.099209671327191e-06j),(3.5471753178655294e-05-3.012262427650245e-05j),(1.775717553303157e-05-4.2474443826039715e-05j),(-1.3906605136041057e-06-4.560659153748943e-05j),(-1.7931704009056206e-05-4.161649291508313e-05j),(-2.9980426093360144e-05-3.369593745736275e-05j),(-3.749911069046117e-05-2.485504595766752e-05j),(-4.15183348302841e-05-1.7271049310556968e-05j),(-4.334306264384317e-05-1.2211475473656421e-05j),(-4.398374074934334e-05-1.0272131896125917e-05j),(-4.38464639039574e-05-1.1652347827601051e-05j),(-4.262451153446473e-05-1.6277800257168637e-05j),(-3.9355652459679165e-05-2.3698130024608728e-05j),(-3.2681629078160685e-05-3.2806362978183166e-05j),(-2.1381039360279712e-05-4.1551955603051485e-05j),(-5.170989358728503e-06-4.69267625496182e-05j),(1.442949686110148e-05-4.5516766518526924e-05j),(3.362528120659318e-05-3.473455328007652e-05j),(4.681158642748845e-05-1.4454245291749224e-05j),(4.829366107356004e-05+1.1695477372435524e-05j),(3.494814245798378e-05+3.635780803290213e-05j),(8.740871855688608e-06+5.045860545398843e-05j),(-2.2425646413589925e-05+4.694017674593123e-05j),(-4.66970962293816e-05+2.4772682201482685e-05j),(-5.297344845132729e-05-8.940867023926181e-06j),(-3.6544260584775974e-05-4.0569694181647485e-05j),(-2.739479496412173e-06-5.542772484361214e-05j),(3.396889421226232e-05-4.502213822662913e-05j),(5.595227539830925e-05-1.240445333564143e-05j),(5.117199797022857e-05+2.7782375290011137e-05j),(2.0257814480531643e-05+5.556972861791329e-05j),(-2.2370911374409426e-05+5.5746668819268026e-05j),(-5.488005514731067e-05+2.6603784305373223e-05j),(-5.92810924008407e-05-1.7840060181637128e-05j),(-3.172991940914543e-05-5.422197719199391e-05j),(1.4180648870109442e-05-6.213896864687637e-05j),(5.377861853729691e-05-3.587283052211968e-05j),(6.456114215685579e-05+1.1337697197291892e-05j),(4.0147474266850165e-05+4.65717317582167e-05j),(2.3934560317759418e-06+5.835457287944105e-05j),(-8.116364114762553e-06+6.14500085301391e-05j),(1.7610428425056715e-05+6.54549775791317e-05j),(5.605343631930219e-05+3.6553559493887954e-05j),(6.534668359428095e-05-9.6442101286012e-06j),(4.230117327607779e-05-4.960200130868622e-05j),(-3.333610758490867e-07-6.432583891334178e-05j),(-4.132033127580635e-05-4.817161505586187e-05j),(-6.174483520213771e-05-1.0360036056394228e-05j),(-5.358473036418102e-05+3.069882880609448e-05j),(-2.2255728113044805e-05+5.669839444239218e-05j),(1.725799033770965e-05+5.754110912459154e-05j),(4.800619004584618e-05+3.472396708912356e-05j),(5.843160780438747e-05-7.847345116963947e-07j),(4.630321360411648e-05-3.4331666394325376e-05j),(1.8155453050508714e-05-5.389218366844468e-05j),(-1.4659004293611256e-05-5.416922934932835e-05j),(-4.098196552858023e-05-3.7270225523424446e-05j),(-5.369307884873767e-05-1.0468050259218339e-05j),(-5.118073646489328e-05+1.737460265159465e-05j),(-3.650951775144387e-05+3.901848459307116e-05j),(-1.523959772588665e-05+5.062347396586198e-05j),(6.917300132733698e-06+5.1890057375470876e-05j),(2.5741961803385518e-05+4.504811324090228e-05j),(3.9141972257052716e-05+3.3432798316433536e-05j),(4.694084448960092e-05+2.0266180952136886e-05j),(5.021695345960654e-05+7.953466358938719e-06j),(5.057648827323371e-05-2.097125740951017e-06j),(4.959658147391162e-05-9.297922673281192e-06j),(4.8506451804505205e-05-1.3555771850708043e-05j)
"(15,)",(4.902162791968176e-05+2.1316112108731658e-05j),(4.034084505796964e-05-1.2500626610904517e-05j),(1.7756872972681187e-05-3.661169680681503e-05j),(-1.4025809109273203e-05-3.648327773801418e-05j),(-3.466977545597986e-05-1.4061819831917609e-05j),(-3.2369963539075954e-05+1.4960563498745553e-05j),(-1.0633449146833793e-05+3.2099459728696333e-05j),(1.5210727813097227e-05+2.799584776594935e-05j),(2.8805667131887767e-05+7.542059619374664e-06j),(2.332450645265202e-05-1.4624730003989362e-05j),(4.887476449309346e-06-2.4595078660861734e-05j),(-1.2898035244853118e-05-1.824102973939399e-05j),(-1.8975339628513695e-05-2.8805018975088044e-06j),(-1.2924359011276865e-05+9.429047916762245e-06j),(-1.944525526593243e-08-7.3997147460233906e-09j),(-3.952792659851968e-08-1.0870152146686416e-08j),(-1.9508389211599914e-08-7.423739793899898e-09j),(-1.2924359011276825e-05+9.429047916762254e-06j),(-1.897533962851369e-05-2.8805018975087515e-06j),(-1.2898035244853152e-05-1.8241029739393975e-05j),(4.887476449309297e-06-2.4595078660861747e-05j),(2.332450645265198e-05-1.4624730003989384e-05j),(2.880566713188779e-05+7.542059619374632e-06j),(1.5210727813097308e-05+2.799584776594926e-05j),(-1.0633449146833805e-05+3.209945972869637e-05j),(-3.2369963539075866e-05+1.4960563498745562e-05j),(-3.4669775455979977e-05-1.4061819831917516e-05j),(-1.4025809109273249e-05-3.648327773801417e-05j),(1.341520873077115e-05-3.5190461737544094e-05j),(3.056065680851598e-05-2.384516646639171e-05j),(3.131283323180963e-05-2.3611705520454627e-05j),(2.4188266497057616e-05-3.851128008372969e-05j),(2.5516442284412036e-06-4.481674150048275e-05j),(-1.746607391838161e-05-4.08132498846371e-05j),(-3.2068159361909796e-05-3.0126555464380268e-05j),(-4.0303189022694e-05-1.692949017926253e-05j),(-4.3305685375049635e-05-4.507031148955769e-06j),(-4.3152227214896274e-05+5.25822830545079e-06j),(-4.190594657352052e-05+1.1672303641000982e-05j),(-4.106948793950303e-05+1.468789031635645e-05j),(-4.13761667478769e-05+1.438912797689882e-05j),(-4.273954480633574e-05+1.0712707327879355e-05j),(-4.4239648572153334e-05+3.4891976041486003e-06j),(-4.416965108282908e-05-7.198428802050985e-06j),(-4.030179350367155e-05-2.0441474946535557e-05j),(-3.055533431731779e-05-3.3970015422806155e-05j),(-1.4085602826845679e-05-4.4057897308738355e-05j),(7.5270080744070954e-06-4.627321351747239e-05j),(2.966343749584143e-05-3.718357561826385e-05j),(4.5384216416564734e-05-1.653774219992696e-05j),(4.7799898416667695e-05+1.11668986891382e-05j),(3.349338513218857e-05+3.700269262483609e-05j),(5.421230919332394e-06+5.047569663160351e-05j),(-2.662436077226017e-05+4.425780888458476e-05j),(-4.912102177376083e-05+1.868077042967967e-05j),(-5.0803519169495434e-05-1.6688170427089298e-05j),(-2.8880593554543567e-05-4.610963294192344e-05j),(8.036348319733168e-06-5.4763312110189666e-05j),(4.270207330132782e-05-3.6687661956991015e-05j),(5.7243334913615443e-05+8.220840034615979e-07j),(4.273115345553731e-05+3.951576678163857e-05j),(5.055539477777462e-06+5.8937334507534704e-05j),(-3.6827690985586544e-05+4.7499282501810357e-05j),(-6.0264263584596855e-05+9.766715045382708e-06j),(-5.134313272478306e-05-3.474250927787817e-05j),(-1.3479982340600031e-05-6.1470290030554e-05j),(3.328068532908733e-05-5.450596774682601e-05j),(6.269515373298184e-05-1.6339394498635985e-05j),(5.715248717706637e-05+3.242338240733214e-05j),(2.1832935955711284e-05+5.7681812775983675e-05j),(-1.8272409477007596e-05+5.567316858109448e-05j),(-2.9918530989140248e-05+5.479676501510682e-05j),(-7.783189000274125e-06+6.804959049692329e-05j),(3.8501475687672266e-05+5.563498280165161e-05j),(6.470542998481254e-05+1.6691529636687152e-05j),(5.931495041649176e-05-2.892297505291083e-05j),(2.6475075390000872e-05-5.954011521535087e-05j),(-1.7293629551323008e-05-6.196721875326058e-05j),(-5.1803565017879826e-05-3.674922463820878e-05j),(-6.260701410195373e-05+3.4378660866755564e-06j),(-4.6698261899312864e-05+4.06262936509432e-05j),(-1.2469422797416684e-05+5.981750847308548e-05j),(2.5189548723945505e-05+5.481204416206827e-05j),(5.17428829623224e-05+2.9494014192939317e-05j),(5.8584930959383896e-05-5.170336130330571e-06j),(4.529069213487268e-05-3.637322149221118e-05j),(1.8318934492838275e-05-5.4386769375721475e-05j),(-1.2544603964981569e-05-5.5313596142390806e-05j),(-3.811655856925917e-05-4.113463503148373e-05j),(-5.256984907264955e-05-1.7723493347608594e-05j),(-5.434248137434634e-05+7.904945455675368e-06j),(-4.542195326397652e-05+2.99281229850843e-05j),(-2.9753685483564972e-05+4.497140731799965e-05j),(-1.1587777157589348e-05+5.2231257525725796e-05j),(5.685975346135345e-06+5.2826894822885994e-05j),(2.0034858953617524e-05+4.8870253057073666e-05j),(3.0722597854889965e-05+4.264512212137686e-05j),(3.7933770602554956e-05+3.6088829850853586e-05j),(4.231627300808487e-05+3.058877003502247e-05j),(4.45909172963883e-05+2.699983413601858e-05j)
"(16,)",(1.8499304665376488e-05+5.2035860663399137e-05j),(3.7978368950396535e-05+2.1660666724616298e-05j),(4.034084505796966e-05-1.250062661090454e-05j),(1.775687297268115e-05-3.661169680681507e-05j),(-1.4025809109273195e-05-3.6483277738014176e-05j),(-3.466977545597996e-05-1.4061819831917572e-05j),(-3.236996353907598e-05+1.4960563498745592e-05j),(-1.0633449146833764e-05+3.209945972869639e-05j),(1.521072781309726e-05+2.799584776594935e-05j),(2.8805667131887798e-05+7.542059619374648e-06j),(2.332450645265201e-05-1.462473000398939e-05j),(4.88747644930932e-06-2.4595078660861737e-05j),(-1.2898035244853135e-05-1.824102973939401e-05j),(-1.8975339628513705e-05-2.8805018975087756e-06j),(-1.292435901127686e-05+9.42904791676226e-06j),(-1.9508389211599914e-08-7.423739793899898e-09j),(-3.952792659852139e-08-1.0870152146685149e-08j),(-1.9508389211605486e-08-7.4237397939021476e-09j),(-1.2924359011276848e-05+9.429047916762256e-06j),(-1.8975339628513698e-05-2.88050189750877e-06j),(-1.2898035244853146e-05-1.8241029739393985e-05j),(4.887476449309325e-06-2.4595078660861727e-05j),(2.332450645265201e-05-1.4624730003989386e-05j),(2.8805667131887764e-05+7.542059619374573e-06j),(1.5210727813097203e-05+2.799584776594938e-05j),(-1.0633449146833742e-05+3.2099459728696266e-05j),(-3.2369963539075954e-05+1.496056349874561e-05j),(-3.466977545597993e-05-1.4061819831917595e-05j),(-1.587871737166129e-05-3.249051129357295e-05j),(3.305154837298449e-06-3.7155733068135775e-05j),(4.010983188765815e-06-3.754690398571688e-05j),(-1.1009269625243938e-05-4.237071082869813e-05j),(-2.947906510722592e-05-3.1556255666859415e-05j),(-3.9812993121621396e-05-1.541948369763949e-05j),(-4.23080941281642e-05+1.0882609148270012e-06j),(-3.939841126631712e-05+1.4758291723868374e-05j),(-3.411768868958254e-05+2.4397707860894778e-05j),(-2.903765379616073e-05+3.024764113234271e-05j),(-2.585648359212145e-05+3.3119588650713154e-05j),(-2.542841683505508e-05+3.366826333706895e-05j),(-2.7904535016516373e-05+3.197776567814856e-05j),(-3.274720000981915e-05+2.7493202176427705e-05j),(-3.858085399812542e-05+1.930650890060654e-05j),(-4.3060798108481536e-05+6.7999608215617e-06j),(-4.309159121485174e-05-9.460244271359832e-06j),(-3.5692890318376745e-05-2.6929792362113323e-05j),(-1.9500913692454947e-05-4.097130336452665e-05j),(3.6343294667174535e-06-4.595844117995702e-05j),(2.7954527806901873e-05-3.76393710393112e-05j),(4.4972689479225255e-05-1.5946148548132233e-05j),(4.673263684137478e-05+1.3298439264661353e-05j),(3.0060579734760164e-05+3.931790925655701e-05j),(-3.834490700922748e-07+5.0422280869634035e-05j),(-3.2493126956879365e-05+3.979395644647528e-05j),(-5.1354124625034254e-05+1.011362839347894e-05j),(-4.6540386179081014e-05-2.6012866604715527e-05j),(-1.842096808727039e-05-5.107960471392179e-05j),(2.0424096692334284e-05-5.137541769997289e-05j),(5.043508631014834e-05-2.496147965726961e-05j),(5.5021798130411195e-05+1.58562379096213e-05j),(3.012498157120878e-05+4.984976631208294e-05j),(-1.2275982839447211e-05+5.793949660424711e-05j),(-4.953204650782878e-05+3.421632257608413e-05j),(-6.041326853884854e-05-9.5970532288638e-06j),(-3.7458935723564746e-05-4.957271793514473e-05j),(7.724615929561036e-06-6.261538952207723e-05j),(5.000037680395221e-05-4.001161435483401e-05j),(6.464667337250525e-05+6.571473981280124e-06j),(4.1985278380923983e-05+5.081093261148886e-05j),(-5.548664378534258e-07+6.189712770517663e-05j),(-3.769402761979694e-05+4.514740479754816e-05j),(-4.880612840957088e-05+3.967810107188924e-05j),(-3.38350911260285e-05+6.040006923910806e-05j),(1.3427371256583536e-05+6.709412663496423e-05j),(5.2920955673697874e-05+4.209303782270672e-05j),(6.680226944117938e-05-1.4728358190766964e-06j),(5.015486069596454e-05-4.293396285237926e-05j),(1.2038937240642035e-05-6.41095261061172e-05j),(-2.9874826136122662e-05-5.710309777210863e-05j),(-5.783227807325234e-05-2.6633460042657994e-05j),(-6.146754767759663e-05+1.3372686313015837e-05j),(-4.11358563590578e-05+4.659222266208682e-05j),(-6.356614093470704e-06+6.108550928574197e-05j),(2.9145214711941104e-05+5.323936253339383e-05j),(5.3162901103094665e-05+2.780329249314102e-05j),(5.908645906638847e-05-5.217293958853784e-06j),(4.7120496379076375e-05-3.494467691313311e-05j),(2.284251572046628e-05-5.3356599716658883e-05j),(-5.719906000951564e-06-5.716365432296179e-05j),(-3.107049692201115e-05-4.765955604566492e-05j),(-4.824491594883736e-05-2.9165104950717116e-05j),(-5.545855976221608e-05-7.004867032865583e-06j),(-5.362385514824155e-05+1.4181534290166385e-05j),(-4.5271130799158973e-05+3.1378244825694145e-05j),(-3.341514004487919e-05+4.3365498376104195e-05j),(-2.0722984110388275e-05+5.036332049065153e-05j),(-9.103695319339092e-06+5.345580033159123e-05j),(3.3887415832923934e-07+5.4041628103993295e-05j),(7.130823836947964e-06+5.343844521241122e-05j),(1.117327464073631e-05+5.266150930589595e-05j)
"(17,)",(-2.6169346317998028e-05+5.057230274467075e-05j),(1.0452539596193037e-05+4.393345332552511e-05j),(3.797836895039647e-05+2.1660666724616264e-05j),(4.034084505796958e-05-1.2500626610904519e-05j),(1.7756872972681153e-05-3.661169680681497e-05j),(-1.4025809109273227e-05-3.648327773801412e-05j),(-3.466977545597993e-05-1.406181983191753e-05j),(-3.236996353907592e-05+1.4960563498745604e-05j),(-1.0633449146833728e-05+3.209945972869633e-05j),(1.5210727813097237e-05+2.7995847765949298e-05j),(2.880566713188775e-05+7.542059619374623e-06j),(2.332450645265195e-05-1.4624730003989365e-05j),(4.887476449309321e-06-2.4595078660861703e-05j),(-1.2898035244853132e-05-1.8241029739393955e-05j),(-1.897533962851367e-05-2.8805018975087523e-06j),(-1.2924359011276825e-05+9.429047916762254e-06j),(-1.9508389211605486e-08-7.4237397939021476e-09j),(-3.952792659851963e-08-1.0870152146686788e-08j),(-1.9476771076733283e-08-7.411707800716963e-09j),(-1.2924359011276842e-05+9.42904791676223e-06j),(-1.8975339628513667e-05-2.8805018975087845e-06j),(-1.2898035244853093e-05-1.824102973939397e-05j),(4.887476449309346e-06-2.4595078660861696e-05j),(2.332450645265191e-05-1.4624730003989355e-05j),(2.8805667131887723e-05+7.542059619374719e-06j),(1.5210727813097125e-05+2.7995847765949227e-05j),(-1.0633449146833756e-05+3.209945972869628e-05j),(-3.2369963539075914e-05+1.4960563498745487e-05j),(-3.307954598325688e-05-1.0143681781760962e-05j),(-2.3882898900857675e-05-2.6645450866107303e-05j),(-2.367155069876287e-05-2.7447790322975117e-05j),(-3.682067532271846e-05-2.0227591052011165e-05j),(-4.140881498365036e-05-5.493936700819337e-07j),(-3.7327932982143796e-05+1.680320428905692e-05j),(-2.835218758786298e-05+2.904956630994909e-05j),(-1.8275343283126243e-05+3.601556391155759e-05j),(-9.802753507668011e-06+3.9105813817800725e-05j),(-4.3827301685772315e-06+4.012684030794036e-05j),(-2.5940886644127298e-06+4.043549561317546e-05j),(-4.5999909806796574e-06+4.049856851441302e-05j),(-1.032064645306082e-05+3.975898027037422e-05j),(-1.9206809989574865e-05+3.675315886575389e-05j),(-2.9742258515511126e-05+2.9567962461975284e-05j),(-3.9046148822945075e-05+1.6752500409090214e-05j),(-4.309375094198364e-05-1.4275638574474957e-06j),(-3.794303563218997e-05-2.192615333387305e-05j),(-2.182668990683213e-05-3.8891043352343475e-05j),(2.793183593616699e-06-4.5346245235982084e-05j),(2.8620081406078297e-05-3.641736738003647e-05j),(4.5488102066926866e-05-1.2762038586013546e-05j),(4.47622197432054e-05+1.7886331584113216e-05j),(2.4351633648483274e-05+4.273613250938259e-05j),(-8.540132726531115e-06+4.94569417296502e-05j),(-3.925970301634619e-05+3.286979856613461e-05j),(-5.2216896348552344e-05-9.199286695437968e-07j),(-3.9233193216497064e-05-3.600606370148919e-05j),(-5.11872429169429e-06-5.403639288172629e-05j),(3.334279903020034e-05-4.4122615694438354e-05j),(5.546345553382997e-05-9.823538410096506e-06j),(4.799656183068417e-05+3.138017710243718e-05j),(1.3425178180299963e-05+5.679092025485752e-05j),(-3.0119768449632144e-05+5.1151980275899223e-05j),(-5.8168772083087184e-05+1.61088820578851e-05j),(-5.377726083274928e-05-2.9520645284350278e-05j),(-1.801542881036656e-05-5.966701574293004e-05j),(2.9528109999503324e-05-5.598969314613887e-05j),(6.131052030248605e-05-1.9249591799168167e-05j),(5.7860276946280286e-05+3.0085632919705524e-05j),(1.988901657439993e-05+6.309844692207689e-05j),(-2.4209542981725607e-05+5.725009956018911e-05j),(-5.2466811024533124e-05+2.711746625017009e-05j),(-6.100251379555995e-05+1.721361597788208e-05j),(-5.5963195315407917e-05+4.203932857700056e-05j),(-1.5755988596292055e-05+6.739821075717593e-05j),(3.0379639399383996e-05+6.13280609069598e-05j),(6.15320311385261e-05+2.815972755020149e-05j),(6.492444446158078e-05-1.615689993204635e-05j),(4.071842963253413e-05-5.2128814809179146e-05j),(6.194866209600542e-07-6.539465035608447e-05j),(-3.82571766177251e-05-5.212588293298058e-05j),(-6.0941045395873e-05-1.9323555384819803e-05j),(-6.019623466683304e-05+1.9311271634394667e-05j),(-3.819275850990243e-05+4.949888888864111e-05j),(-4.300892430689387e-06+6.169175486618619e-05j),(2.9381754690101647e-05+5.36663626640829e-05j),(5.260489828104223e-05+2.997947621833229e-05j),(5.993311822326877e-05-8.129506834631283e-07j),(5.142531345724678e-05-2.9644950923346592e-05j),(3.1371053897055034e-05-4.974304141819012e-05j),(6.037334318475127e-06-5.7980954480981215e-05j),(-1.8550375040827513e-05-5.475996977540346e-05j),(-3.8098329002771736e-05-4.290455855645382e-05j),(-5.05839974336136e-05-2.623337880074502e-05j),(-5.601077958848257e-05-8.343991704585433e-06j),(-5.573355086225846e-05+8.113712299498281e-06j),(-5.1707745964543335e-05+2.1655930760999634e-05j),(-4.5896233147367476e-05+3.181519075935844e-05j),(-3.9923159372811494e-05+3.8809680574029045e-05j),(-3.495289798768334e-05+4.3186535648111664e-05j),(-3.1716380154218725e-05+4.5529197322068174e-05j)
"(18,)",(-5.641874233621007e-05+1.586624883759581e-05j),(-2.572171305599609e-05+3.880253337067604e-05j),(1.0452539596193037e-05+4.3933453325525157e-05j),(3.797836895039651e-05+2.1660666724616267e-05j),(4.034084505796961e-05-1.2500626610904512e-05j),(1.775687297268114e-05-3.661169680681507e-05j),(-1.4025809109273256e-05-3.648327773801418e-05j),(-3.4669775455979977e-05-1.4061819831917555e-05j),(-3.2369963539075954e-05+1.4960563498745621e-05j),(-1.0633449146833759e-05+3.209945972869636e-05j),(1.5210727813097254e-05+2.7995847765949332e-05j),(2.8805667131887767e-05+7.542059619374612e-06j),(2.3324506452651994e-05-1.4624730003989377e-05j),(4.8874764493093015e-06-2.459507866086173e-05j),(-1.2898035244853152e-05-1.8241029739393962e-05j),(-1.897533962851369e-05-2.8805018975087515e-06j),(-1.2924359011276848e-05+9.429047916762256e-06j),(-1.9476771076733283e-08-7.411707800716963e-09j),(-3.952792659851989e-08-1.0870152146686315e-08j),(-1.9508389211603422e-08-7.423739793900176e-09j),(-1.292435901127687e-05+9.429047916762244e-06j),(-1.8975339628513684e-05-2.880501897508796e-06j),(-1.2898035244853113e-05-1.824102973939401e-05j),(4.887476449309294e-06-2.4595078660861696e-05j),(2.3324506452652045e-05-1.4624730003989318e-05j),(2.8805667131887672e-05+7.542059619374662e-06j),(1.5210727813097221e-05+2.7995847765949315e-05j),(-1.0633449146833815e-05+3.20994597286963e-05j),(-2.85888672060628e-05+1.640580919000948e-05j),(-3.418695813646638e-05-7.011239317498473e-07j),(-3.463464317046743e-05-1.4314248830682301e-06j),(-3.824351265732294e-05+1.2287336968645866e-05j),(-2.78467916572029e-05+2.8111752137584357e-05j),(-1.382124509133134e-05+3.658774867027923e-05j),(-4.7139799948024025e-07+3.8804881108750614e-05j),(9.774631823121096e-06+3.740417849215331e-05j),(1.619520104563753e-05+3.5102184914278704e-05j),(1.8950789249827595e-05+3.3835692764661334e-05j),(1.8255876559550927e-05+3.447290584002282e-05j),(1.3956893383210539e-05+3.676500228559409e-05j),(5.675549991324392e-06+3.931907171225745e-05j),(-6.515474486557894e-06+3.968405419931054e-05j),(-2.115049968750362e-05+3.4883609532119566e-05j),(-3.4728906087300164e-05+2.2653946791412433e-05j),(-4.210036174912516e-05+3.165637026697381e-06j),(-3.830431416598522e-05-1.9648588513154275e-05j),(-2.1436444054431456e-05-3.836175085407601e-05j),(4.901678694036356e-06-4.4623729203811466e-05j),(3.143220629023862e-05-3.342208908693794e-05j),(4.638153421278135e-05-6.952884619682078e-06j),(4.1197009923827695e-05+2.451901103211535e-05j),(1.6007651315394614e-05+4.63095203234855e-05j),(-1.863609008533784e-05+4.64663486848028e-05j),(-4.572898682466233e-05+2.2883259183644183e-05j),(-5.030156838921718e-05-1.3974496669070294e-05j),(-2.8146977286040953e-05-4.5234058863365694e-05j),(1.0460929986417507e-05-5.3325483943708134e-05j),(4.507268884928884e-05-3.221432969633198e-05j),(5.588966644252666e-05+7.958897908373323e-06j),(3.5369134505367124e-05+4.533172879887789e-05j),(-6.3344418675288605e-06+5.818825085843197e-05j),(-4.6023727577885645e-05+3.780031326974604e-05j),(-6.0324328895858336e-05-5.473613454686368e-06j),(-3.963232981198728e-05-4.71274745413469e-05j),(5.283803458389662e-06-6.23478560199851e-05j),(4.86069978448196e-05-4.0946736639484035e-05j),(6.427739914266416e-05+5.690390358267802e-06j),(4.1796704683347927e-05+5.042045873113482e-05j),(-6.632639603612215e-06+6.611281072591952e-05j),(-4.525695498105198e-05+4.303323049672769e-05j),(-5.922419617261797e-05+3.572081999614576e-06j),(-6.316013307560167e-05-9.599919724924242e-06j),(-6.922284116269167e-05+1.4760418199221146e-05j),(-4.3771824887528575e-05+5.466194730856026e-05j),(1.739460523056052e-07+6.92812083308002e-05j),(4.266115083715631e-05+5.364577010198524e-05j),(6.588402796136293e-05+1.603465598349023e-05j),(6.147791084140936e-05-2.6841124002551055e-05j),(3.2942744652272594e-05-5.7613061923786966e-05j),(-7.125555900028165e-06-6.527431202102917e-05j),(-4.3051817011243874e-05-4.865958063088549e-05j),(-6.238213507320158e-05-1.5564551582034667e-05j),(-5.9936300128973456e-05+2.1378924529972373e-05j),(-3.8480498674345826e-05+4.9875464353079926e-05j),(-6.451314669648907e-06+6.204070173843591e-05j),(2.580434948985607e-05+5.61322996860108e-05j),(4.960140006565034e-05+3.586523717601109e-05j),(6.011950885383745e-05+8.140185595242632e-06j),(5.68602309008206e-05-1.9642394638223758e-05j),(4.269554321286167e-05-4.1698507451559884e-05j),(2.2221294246268104e-05-5.4911719799025813e-05j),(1.325900196489323e-07-5.883249203807869e-05j),(-1.9908194046008133e-05-5.4973164296499444e-05j),(-3.575935312364369e-05-4.584492675217737e-05j),(-4.674388436081664e-05-3.4097786626006746e-05j),(-5.3271527104286304e-05-2.1955464503589674e-05j),(-5.636286229232045e-05-1.0975672514177218e-05j),(-5.723109211212166e-05-2.0630530125663686e-06j),(-5.699108128686518e-05+4.374834513701529e-06j),(-5.6497104517463435e-05+8.227629689142001e-06j)
"(19,)",(-5.1500577947307963e-05-3.1223513687915124e-05j),(-4.724504347514988e-05+7.93526075557463e-06j),(-2.572171305599615e-05+3.8802533370676014e-05j),(1.0452539596193053e-05+4.393345332552516e-05j),(3.797836895039646e-05+2.1660666724616325e-05j),(4.034084505796967e-05-1.2500626610904568e-05j),(1.775687297268116e-05-3.66116968068151e-05j),(-1.402580910927329e-05-3.6483277738014204e-05j),(-3.466977545597999e-05-1.406181983191755e-05j),(-3.236996353907598e-05+1.4960563498745594e-05j),(-1.0633449146833764e-05+3.209945972869637e-05j),(1.521072781309727e-05+2.799584776594932e-05j),(2.880566713188778e-05+7.542059619374648e-06j),(2.332450645265199e-05-1.4624730003989398e-05j),(4.887476449309293e-06-2.4595078660861737e-05j),(-1.2898035244853152e-05-1.8241029739393975e-05j),(-1.8975339628513698e-05-2.88050189750877e-06j),(-1.2924359011276842e-05+9.42904791676223e-06j),(-1.9508389211603422e-08-7.423739793900176e-09j),(-3.952792659852136e-08-1.0870152146685369e-08j),(-1.9635895023450168e-08-7.472260969025254e-09j),(-1.2924359011276894e-05+9.42904791676226e-06j),(-1.8975339628513745e-05-2.880501897508811e-06j),(-1.2898035244853164e-05-1.824102973939398e-05j),(4.887476449309407e-06-2.459507866086179e-05j),(2.3324506452652005e-05-1.462473000398933e-05j),(2.8805667131887828e-05+7.542059619374657e-06j),(1.5210727813097218e-05+2.7995847765949393e-05j),(-7.167654427873567e-06+3.0402999868501916e-05j),(-2.268527760634896e-05+2.331182458655972e-05j),(-2.3554011513456402e-05+2.3124135705927047e-05j),(-1.65665782639884e-05+3.446703588753551e-05j),(7.167634960321511e-07+3.763836387960393e-05j),(1.5090615976049228e-05+3.401986538526396e-05j),(2.4771981744080074e-05+2.7439957387596477e-05j),(3.015631034334145e-05+2.1253729031700315e-05j),(3.251537612784271e-05+1.760126076197623e-05j),(3.2820255239888044e-05+1.7471689997615474e-05j),(3.108614006894392e-05+2.096308613981509e-05j),(2.6327037783444132e-05+2.7269713114992986e-05j),(1.7142722360152007e-05+3.437777760702688e-05j),(2.893550095872755e-06+3.892199471456717e-05j),(-1.4903742992212205e-05+3.6847224498003976e-05j),(-3.179834732500335e-05+2.5180030098255932e-05j),(-4.122667236667732e-05+4.366128054928701e-06j),(-3.727957448808624e-05-2.0244872176448655e-05j),(-1.845225959142499e-05-3.932615558966016e-05j),(9.783767032902897e-06-4.340897131833712e-05j),(3.580004719860163e-05-2.8218206747713547e-05j),(4.666588280662457e-05+1.475830934531458e-06j),(3.513041641494359e-05+3.2422704245887866e-05j),(4.860464957078168e-06+4.8685362447753924e-05j),(-2.9760037319105423e-05+4.024087470765491e-05j),(-5.02587062428271e-05+9.611424234927303e-06j),(-4.4196873518612364e-05-2.7932271335878644e-05j),(-1.3112808858156226e-05-5.1754847263286486e-05j),(2.690812149171326e-05-4.7379957260228673e-05j),(5.333671936573146e-05-1.5613498778521375e-05j),(5.001178171151465e-05+2.6612348587561162e-05j),(1.728963797495031e-05+5.5066052509501295e-05j),(-2.696341546441126e-05+5.221942122337911e-05j),(-5.6954116362016936e-05+1.8264816148563394e-05j),(-5.407371345603397e-05-2.788539508034404e-05j),(-1.8626493335592803e-05-5.8986741493710996e-05j),(2.931058725227094e-05-5.561170579185433e-05j),(6.113694688921303e-05-1.8437775585881478e-05j),(5.684998294187809e-05+3.1178990282291667e-05j),(1.7745526035362354e-05+6.337146400579197e-05j),(-3.343690799664838e-05+5.7792748387476466e-05j),(-5.936246870534074e-05+2.0411303313245388e-05j),(-5.5496615850807476e-05-2.1807594503851733e-05j),(-5.336379639285503e-05-3.605295278255685e-05j),(-6.950580948742568e-05-1.7121140058190707e-05j),(-6.433354433689967e-05+2.97025142947674e-05j),(-3.1917760234367205e-05+6.245812614837163e-05j),(1.2739525425154275e-05+6.825078798751703e-05j),(5.080492579605349e-05+4.628337188580203e-05j),(6.768011602928685e-05+6.912332199297538e-06j),(5.830724652911287e-05-3.370671342556956e-05j),(2.7963541261002686e-05-6.053087238298497e-05j),(-1.1044716493312197e-05-6.509043208752617e-05j),(-4.4795551632656783e-05-4.7621644441505195e-05j),(-6.28298032520234e-05-1.5674130397711766e-05j),(-6.108323633171543e-05+1.9600326239774028e-05j),(-4.2067226229418786e-05+4.7657257781823226e-05j),(-1.2849049962068405e-05+6.168424407201779e-05j),(1.7959347142994294e-05+5.983742199725869e-05j),(4.296095161213373e-05+4.4659109484191936e-05j),(5.766672622514878e-05+2.13503196828233e-05j),(6.0900312077329016e-05-4.241309959223775e-06j),(5.4179895916308424e-05-2.722877067811637e-05j),(4.0581342024097713e-05-4.4549431507303796e-05j),(2.3576056020027758e-05-5.509075265269435e-05j),(6.169662033962425e-06-5.9302982067377556e-05j),(-9.540813488565408e-06-5.858987507204651e-05j),(-2.2437012783072532e-05-5.471834135920333e-05j),(-3.220529993931304e-05-4.9384947215209e-05j),(-3.905726752076066e-05-4.397645314617298e-05j),(-4.344884740217551e-05-3.949333773608888e-05j),(-4.585477724826409e-05-3.6575308660691625e-05j)
"(20,)",(-1.267706430545206e-05-6.048885613083515e-05j),(-3.910639328405488e-05-2.9892392239253174e-05j),(-4.724504347514989e-05+7.93526075557459e-06j),(-2.5721713055996146e-05+3.8802533370676034e-05j),(1.0452539596192999e-05+4.393345332552518e-05j),(3.7978368950396555e-05+2.1660666724616284e-05j),(4.034084505796969e-05-1.2500626610904581e-05j),(1.7756872972681143e-05-3.661169680681512e-05j),(-1.4025809109273286e-05-3.6483277738014204e-05j),(-3.466977545598e-05-1.4061819831917585e-05j),(-3.236996353907599e-05+1.4960563498745606e-05j),(-1.0633449146833728e-05+3.209945972869637e-05j),(1.5210727813097247e-05+2.799584776594935e-05j),(2.880566713188779e-05+7.542059619374623e-06j),(2.332450645265198e-05-1.4624730003989406e-05j),(4.887476449309297e-06-2.4595078660861747e-05j),(-1.2898035244853146e-05-1.8241029739393985e-05j),(-1.8975339628513667e-05-2.8805018975087845e-06j),(-1.292435901127687e-05+9.429047916762244e-06j),(-1.9635895023450168e-08-7.472260969025254e-09j),(-3.9527926598521565e-08-1.0870152146685107e-08j),(-1.9540110169673756e-08-7.435810915517996e-09j),(-1.2924359011276879e-05+9.429047916762249e-06j),(-1.897533962851367e-05-2.8805018975087405e-06j),(-1.2898035244853105e-05-1.8241029739394036e-05j),(4.887476449309334e-06-2.4595078660861656e-05j),(2.3324506452651988e-05-1.4624730003989389e-05j),(2.880566713188776e-05+7.542059619374668e-06j),(1.627513484482733e-05+2.4494366557336736e-05j),(1.469054080264569e-06+3.073549465964333e-05j),(7.013149616025102e-07+3.12565494146762e-05j),(1.282554219169538e-05+3.386990238202991e-05j),(2.5896227171735037e-05+2.447406789250188e-05j),(3.265755849114162e-05+1.3260871623596306e-05j),(3.485845405467376e-05+3.865366925901013e-06j),(3.503831499518852e-05-1.8986252552493967e-06j),(3.5097482655903566e-05-3.451726822450349e-06j),(3.5565884304041894e-05-6.589730764919559e-07j),(3.541516766550843e-05+6.412979249324817e-06j),(3.234239575845869e-05+1.6974401450187902e-05j),(2.3722882326125283e-05+2.8631538374224627e-05j),(8.309748236007536e-06+3.703765997835869e-05j),(-1.1912286207189413e-05+3.697081242130213e-05j),(-3.101732216820326e-05+2.4967144266943067e-05j),(-4.07964535105063e-05+2.3448791772963907e-06j),(-3.477419081957867e-05-2.348729835684393e-05j),(-1.2750107026938529e-05-4.1170319567666295e-05j),(1.7084678309587448e-05-4.082965286357045e-05j),(4.0683239257242677e-05-2.0228083175525946e-05j),(4.498564282195873e-05+1.2218301627339429e-05j),(2.5701727556211888e-05+4.029800787523595e-05j),(-8.743068389393365e-06+4.818684620748358e-05j),(-4.033448597824083e-05+2.9790724323129986e-05j),(-5.0898667577060634e-05-6.432469671055752e-06j),(-3.287805555719287e-05-4.0869114583996125e-05j),(5.089387269359219e-06-5.334655741510857e-05j),(4.1887827237117214e-05-3.5196740751811025e-05j),(5.563486532378682e-05+4.560905836013642e-06j),(3.6889052391284005e-05+4.3344588904142835e-05j),(-4.7311227408794474e-06+5.7805376552940284e-05j),(-4.51838987698505e-05+3.8042565074620775e-05j),(-5.986681569392745e-05-5.511283087100173e-06j),(-3.871164892285085e-05-4.734927561431025e-05j),(6.831616549588933e-06-6.181020850169339e-05j),(4.9786213513446155e-05-3.893039471387044e-05j),(6.361716219438863e-05+8.635345735806738e-06j),(3.8720535962141884e-05+5.2442969418964784e-05j),(-1.0874461854165814e-05+6.526448564285929e-05j),(-5.527054168745086e-05+3.809641437733933e-05j),(-6.270552849195983e-05-7.276378460055978e-06j),(-4.062772937498344e-05-4.4078800275460944e-05j),(-3.2073921941885474e-05-5.645541047976923e-05j),(-5.4923188629880015e-05-4.717989410806983e-05j),(-7.162779414290195e-05-3.37704796103408e-06j),(-5.8336925155703415e-05+4.049847401355973e-05j),(-2.207831365684399e-05+6.677801351224814e-05j),(2.1604652102958002e-05+6.622393247218965e-05j),(5.568696897003005e-05+4.0734101657488376e-05j),(6.832992357100588e-05+1.313888361661957e-06j),(5.660837469079604e-05-3.713771975187681e-05j),(2.6355457326904524e-05-6.16838123907499e-05j),(-1.1121676392586737e-05-6.553265303657886e-05j),(-4.365650212765124e-05-4.9337071873890397e-05j),(-6.225511896666481e-05-1.973376490472443e-05j),(-6.327633326281853e-05+1.3774942894352516e-05j),(-4.845284805042447e-05+4.216743801474063e-05j),(-2.3273730311303818e-05+5.932960967810562e-05j),(5.335774104633442e-06+6.303192199909944e-05j),(3.11328112561354e-05+5.455400568874169e-05j),(4.990261575370029e-05+3.7459633127305386e-05j),(5.988005236997769e-05+1.6133809618840244e-05j),(6.14266502927636e-05-5.434156012502545e-06j),(5.6301743883458075e-05-2.437646351673496e-05j),(4.686195723703333e-05-3.916547101832768e-05j),(3.541854434443638e-05-4.945661393623132e-05j),(2.385016375735456e-05-5.573721234883049e-05j),(1.3462179519800148e-05-5.8939401877232975e-05j),(5.024424350195471e-06-6.0116699665459865e-05j),(-1.0957505439354208e-06-6.0222773764776895e-05j),(-4.77545665680585e-06-5.998683436417005e-05j)
"(21,)",(3.64216711098377e-05-5.182135674281338e-05j),(-4.9949179256250925e-06-5.025638490547819e-05j),(-3.910639328405482e-05-2.9892392239253238e-05j),(-4.724504347514986e-05+7.935260755574538e-06j),(-2.572171305599618e-05+3.8802533370675946e-05j),(1.0452539596193014e-05+4.393345332552518e-05j),(3.7978368950396515e-05+2.1660666724616328e-05j),(4.034084505796968e-05-1.2500626610904542e-05j),(1.7756872972681177e-05-3.661169680681509e-05j),(-1.4025809109273225e-05-3.648327773801422e-05j),(-3.466977545597996e-05-1.4061819831917592e-05j),(-3.2369963539075954e-05+1.4960563498745606e-05j),(-1.0633449146833793e-05+3.2099459728696354e-05j),(1.5210727813097242e-05+2.7995847765949332e-05j),(2.880566713188778e-05+7.542059619374623e-06j),(2.332450645265198e-05-1.4624730003989384e-05j),(4.887476449309325e-06-2.4595078660861727e-05j),(-1.2898035244853093e-05-1.824102973939397e-05j),(-1.8975339628513684e-05-2.880501897508796e-06j),(-1.2924359011276894e-05+9.42904791676226e-06j),(-1.9540110169673756e-08-7.435810915517996e-09j),(-3.952792659851983e-08-1.0870152146686662e-08j),(-1.9445255265931988e-08-7.399714746023277e-09j),(-1.2924359011276835e-05+9.429047916762272e-06j),(-1.897533962851373e-05-2.880501897508823e-06j),(-1.2898035244853107e-05-1.8241029739393965e-05j),(4.887476449309314e-06-2.4595078660861757e-05j),(2.3324506452652025e-05-1.4624730003989365e-05j),(2.7075076996310963e-05+4.558583843884147e-06j),(2.2042927858696184e-05+1.8698277845224177e-05j),(2.1883655138030706e-05+1.9661429523799907e-05j),(3.13708644122036e-05+1.3314574641860119e-05j),(3.350237731902641e-05-1.0067809103048222e-06j),(3.100447802385665e-05-1.1872982662118059e-05j),(2.7598052454756212e-05-1.8318242984604256e-05j),(2.595756973142373e-05-2.0785501293249334e-05j),(2.7175119676413395e-05-1.9666259602246534e-05j),(3.067960214449999e-05-1.4588407088362674e-05j),(3.419191199686429e-05-4.854874547713899e-06j),(3.4028182964067474e-05+9.169892134010499e-06j),(2.642113639390947e-05+2.4584085753083976e-05j),(9.915177098365569e-06+3.5709141002270664e-05j),(-1.2346142080388462e-05+3.607520959785169e-05j),(-3.2375158549332396e-05+2.2228696444619248e-05j),(-4.037113095504254e-05-2.7474960310103703e-06j),(-3.0179316653777557e-05-2.8761420431306297e-05j),(-4.16561210131995e-06-4.272977508566368e-05j),(2.6038497668473506e-05-3.5694536121459605e-05j),(4.451928294477819e-05-9.063656825902717e-06j),(3.981862018520375e-05+2.435536181349254e-05j),(1.248868597337016e-05+4.6254590467691426e-05j),(-2.3615980564321902e-05+4.308490256698737e-05j),(-4.8115644999691694e-05+1.4799434575656512e-05j),(-4.576591777327983e-05-2.3686629245043884e-05j),(-1.6225892341105174e-05-5.01484837316769e-05j),(2.4445588944453705e-05-4.80012703190871e-05j),(5.234430228778965e-05-1.691740216371167e-05j),(4.986099936190521e-05+2.579090785371317e-05j),(1.6973881769872398e-05+5.467177481083687e-05j),(-2.7637930950068563e-05+5.137770838160072e-05j),(-5.709078203445557e-05+1.6464899545702273e-05j),(-5.2563479689118604e-05-2.991518924866025e-05j),(-1.5441287479337885e-05-5.9558418651007634e-05j),(3.2560793127560474e-05-5.341914449460202e-05j),(6.203167135938953e-05-1.3942313009761463e-05j),(5.393956585650807e-05+3.551968662077564e-05j),(1.2000195678727933e-05+6.446862146648035e-05j),(-3.8741663844819475e-05+5.411676198779431e-05j),(-6.682898479549345e-05+9.643007632592013e-06j),(-5.315415605773007e-05-3.475247526643792e-05j),(-1.6471587664472195e-05-5.799276951567774e-05j),(-2.672078549632045e-06-6.541735323791422e-05j),(-2.6971768134827788e-05-6.809468908161703e-05j),(-6.214972860559336e-05-3.746696499059449e-05j),(-7.154877587396149e-05+7.150146080211949e-06j),(-5.299638561923957e-05+4.7621783846522145e-05j),(-1.5181749388669733e-05+6.895143136253872e-05j),(2.6870560233104897e-05+6.460231398633304e-05j),(5.8091442053302095e-05+3.786917530066721e-05j),(6.873288238645293e-05-5.753228490513042e-07j),(5.697341890162348e-05-3.737930750621308e-05j),(2.833144133174913e-05-6.133595236416376e-05j),(-7.276769344444371e-06-6.660706694263882e-05j),(-3.9331474510841786e-05-5.357631454412689e-05j),(-5.990249485083404e-05-2.7575615771124574e-05j),(-6.535017411604265e-05+3.601203568846742e-06j),(-5.637367202312801e-05+3.231425607398835e-05j),(-3.682872008199969e-05+5.2993106652245804e-05j),(-1.2006468341929932e-05+6.298293144601072e-05j),(1.2977162885387942e-05+6.239430867906049e-05j),(3.427114898520488e-05+5.330630901869995e-05j),(4.9736172853292483e-05+3.874595135077201e-05j),(5.885187920252365e-05+2.1784292548332442e-05j),(6.229971491637204e-05+4.934485347627896e-06j),(6.144259706049574e-05-1.0113221097364554e-05j),(5.7862847356853964e-05-2.2485411742158613e-05j),(5.303919152483636e-05-3.19552586481831e-05j),(4.817472422967983e-05-3.870948912953316e-05j),(4.414513175243393e-05-4.3124163582321567e-05j),(4.1520016046482274e-05-4.5586591801234815e-05j)
"(22,)",(6.421617991492845e-05-8.980280352560435e-06j),(3.412766685274101e-05-3.890670660742392e-05j),(-4.994917925625063e-06-5.025638490547819e-05j),(-3.910639328405485e-05-2.989239223925323e-05j),(-4.724504347514985e-05+7.9352607555745e-06j),(-2.5721713055996176e-05+3.8802533370676014e-05j),(1.0452539596193022e-05+4.393345332552524e-05j),(3.797836895039655e-05+2.1660666724616345e-05j),(4.03408450579697e-05-1.2500626610904549e-05j),(1.7756872972681208e-05-3.661169680681511e-05j),(-1.4025809109273242e-05-3.6483277738014244e-05j),(-3.466977545597997e-05-1.4061819831917572e-05j),(-3.2369963539075995e-05+1.496056349874556e-05j),(-1.0633449146833762e-05+3.209945972869636e-05j),(1.5210727813097266e-05+2.7995847765949342e-05j),(2.880566713188779e-05+7.542059619374632e-06j),(2.332450645265201e-05-1.4624730003989386e-05j),(4.887476449309346e-06-2.4595078660861696e-05j),(-1.2898035244853113e-05-1.824102973939401e-05j),(-1.8975339628513745e-05-2.880501897508811e-06j),(-1.2924359011276879e-05+9.429047916762249e-06j),(-1.9445255265931988e-08-7.399714746023277e-09j),(-3.9527926598520056e-08-1.0870152146686952e-08j),(-1.9382528636039638e-08-7.375844698455344e-09j),(-1.2924359011276908e-05+9.429047916762242e-06j),(-1.8975339628513654e-05-2.880501897508785e-06j),(-1.2898035244853149e-05-1.8241029739393982e-05j),(4.8874764493093515e-06-2.459507866086172e-05j),(2.0180591041060715e-05-1.5341232417258525e-05j),(2.6727952029179256e-05-3.1161540272478593e-06j),(2.7355350169268356e-05-2.289690388013737e-06j),(2.9272368730134032e-05-1.2451701156412949e-05j),(2.1664224835193755e-05-2.258199255771526e-05j),(1.4297996115764547e-05-2.7590851396511975e-05j),(1.0162889051804512e-05-2.942374116999995e-05j),(1.0529188118865981e-05-2.9575657123940115e-05j),(1.5401703257219864e-05-2.7851056749713508e-05j),(2.3397006874454812e-05-2.2445309288658862e-05j),(3.1184693691930746e-05-1.137047815079663e-05j),(3.372435820321283e-05+5.251182905816766e-06j),(2.6328149656411717e-05+2.3377519207387516e-05j),(8.028425854803701e-06+3.54964072896288e-05j),(-1.5962532829254203e-05+3.409759457015663e-05j),(-3.5175211804967656e-05+1.6726703030461567e-05j),(-3.8843877173734473e-05-1.0638187975056526e-05j),(-2.2630578389756047e-05-3.491520315148426e-05j),(7.133594103256174e-06-4.234329646582879e-05j),(3.520941154253658e-05-2.6824555197375727e-05j),(4.52952355817628e-05+5.030147450900603e-06j),(2.9881213894484634e-05+3.61062913414316e-05j),(-4.014865423912142e-06+4.797497501696995e-05j),(-3.7543080178667304e-05+3.2104920952311824e-05j),(-5.048585133248432e-05-3.873323048039212e-06j),(-3.3663106456019014e-05-3.943594423998563e-05j),(4.457220754730386e-06-5.2857653630220524e-05j),(4.1703674313998245e-05-3.4651352683992454e-05j),(5.508732979195419e-05+5.659968416642576e-06j),(3.512626603681502e-05+4.427274369300842e-05j),(-7.401092962332468e-06+5.715693359786193e-05j),(-4.707724067183863e-05+3.51227804222785e-05j),(-5.904201728281717e-05-9.616574459562287e-06j),(-3.4663682760922645e-05-5.005762477697598e-05j),(1.2252827219527594e-05-6.071576955146802e-05j),(5.3159442973645426e-05-3.376508252145092e-05j),(6.215115791053352e-05+1.526289592952855e-05j),(3.24396721139971e-05+5.6332288296400365e-05j),(-1.86040147018853e-05+6.332209168741908e-05j),(-5.952902775999089e-05+3.0698733060703146e-05j),(-6.420408509262182e-05-2.2236022555572185e-05j),(-3.1325063722923465e-05-5.571003185343481e-05j),(1.2444284584331435e-05-5.935685365254263e-05j),(2.872416857694122e-05-5.9449029912587015e-05j),(9.002973415332153e-06-7.3542553096875e-05j),(-3.6362483702032416e-05-6.381093217316615e-05j),(-6.640416245216582e-05-2.9851252947265902e-05j),(-7.076739286444584e-05+1.4187548544909636e-05j),(-4.947024402552407e-05+5.170088800044577e-05j),(-1.1672107927643508e-05+6.998161781477055e-05j),(2.872019197481286e-05+6.422402414581965e-05j),(5.845038587263754e-05+3.810121484243607e-05j),(6.91936943115716e-05+1.3271036606692595e-06j),(5.943748284574437e-05-3.4366185873951534e-05j),(3.381024070724541e-05-5.91449045009513e-05j),(6.310595784239188e-07-6.76127130950425e-05j),(-3.112749076733275e-05-5.9472187169255425e-05j),(-5.437577319539452e-05-3.85566332551335e-05j),(-6.530497389522276e-05-1.0940520678147035e-05j),(-6.354413672374815e-05+1.7070735780350185e-05j),(-5.1383619794225185e-05+4.0468101985173805e-05j),(-3.255605533906177e-05+5.630861865975267e-05j),(-1.1036553432817565e-05+6.376034340498824e-05j),(9.83619687741504e-06+6.364859979546062e-05j),(2.7809382667308913e-05+5.7787243416056775e-05j),(4.178096179353352e-05+4.8332844928118645e-05j),(5.160682938580632e-05+3.7304156584089784e-05j),(5.7791403908155365e-05+2.6312322864655955e-05j),(6.117306138021652e-05+1.6477839234710543e-05j),(6.266926377237702e-05+8.47623624240876e-06j),(6.310316068986737e-05+2.6495110463009244e-06j),(6.310412437753529e-05-8.677539284794179e-07j)
"(23,)",(5.154655704877363e-05+4.17094655579718e-05j),(5.294709286328997e-05-1.6733865719652415e-06j),(3.4127666852740874e-05-3.890670660742393e-05j),(-4.994917925625143e-06-5.025638490547813e-05j),(-3.910639328405483e-05-2.9892392239253136e-05j),(-4.7245043475149844e-05+7.93526075557468e-06j),(-2.5721713055996075e-05+3.880253337067606e-05j),(1.045253959619313e-05+4.393345332552517e-05j),(3.797836895039657e-05+2.16606667246162e-05j),(4.0340845057969635e-05-1.250062661090461e-05j),(1.7756872972681082e-05-3.661169680681509e-05j),(-1.4025809109273325e-05-3.648327773801411e-05j),(-3.466977545597995e-05-1.4061819831917514e-05j),(-3.2369963539075887e-05+1.4960563498745657e-05j),(-1.063344914683365e-05+3.209945972869636e-05j),(1.5210727813097308e-05+2.799584776594926e-05j),(2.8805667131887764e-05+7.542059619374573e-06j),(2.332450645265191e-05-1.4624730003989355e-05j),(4.887476449309294e-06-2.4595078660861696e-05j),(-1.2898035244853164e-05-1.824102973939398e-05j),(-1.897533962851367e-05-2.8805018975087405e-06j),(-1.2924359011276835e-05+9.429047916762272e-06j),(-1.9382528636039638e-08-7.375844698455344e-09j),(-3.952792659851974e-08-1.0870152146687284e-08j),(-1.9289193827194973e-08-7.34032698722639e-09j),(-1.2924359011276845e-05+9.429047916762222e-06j),(-1.8975339628513708e-05-2.8805018975087748e-06j),(-1.289803524485312e-05-1.824102973939401e-05j),(2.421492446270283e-06-2.2916909271771994e-05j),(1.4684750865931359e-05-1.992156730153149e-05j),(1.5796975295655962e-05-1.980551857864544e-05j),(1.0656989523482902e-05-2.7387388186887417e-05j),(1.8398084069823754e-07-2.8951402552003783e-05j),(-6.017194372346221e-06-2.8245206160564445e-05j),(-7.2541123542445285e-06-2.8177561652275535e-05j),(-3.382651977721241e-06-2.933431691407035e-05j),(5.509974443973734e-06-2.9656394152458703e-05j),(1.782469812313717e-05-2.5382365694410817e-05j),(2.911595118323352e-05-1.3446571627625933e-05j),(3.2841763285363496e-05+5.421950219445655e-06j),(2.3857639122392066e-05+2.5074912558020985e-05j),(2.787316876267864e-06+3.5894181898963555e-05j),(-2.2116527957589413e-05+3.019328402077816e-05j),(-3.801758520202535e-05+8.061858197558537e-06j),(-3.464783004504187e-05-2.057333810184406e-05j),(-1.1464506758766115e-05-4.010902139553572e-05j),(2.019260675113066e-05-3.8095607326578324e-05j),(4.237162767459953e-05-1.3581469282909117e-05j),(4.08982515203655e-05+2.0725010843416126e-05j),(1.4734619217014107e-05+4.48193574667831e-05j),(-2.1983742766152806e-05+4.321318877858712e-05j),(-4.741324506102734e-05+1.5111121373667559e-05j),(-4.5109959999268574e-05-2.383122732776942e-05j),(-1.482764518856725e-05-5.010104627718397e-05j),(2.6162631944560206e-05-4.661759409050101e-05j),(5.2829337269072105e-05-1.396242075424651e-05j),(4.774561186598885e-05+2.889430794983744e-05j),(1.257198707585485e-05+5.554713846473576e-05j),(-3.195640372632649e-05+4.849408568674415e-05j),(-5.8206820303573215e-05+1.0700389490658924e-05j),(-4.885879287094695e-05-3.528821004356163e-05j),(-8.384464373858385e-06-6.07641528774926e-05j),(3.883520913516277e-05-4.88340141008626e-05j),(6.317812506806978e-05-5.6569931471349646e-06j),(4.841413119994242e-05+4.2547186379651016e-05j),(2.5486408208881508e-06+6.541074157134166e-05j),(-4.637701536453949e-05+4.7594578783004487e-05j),(-6.742686033327084e-05-9.10829029301094e-07j),(-4.637243031725727e-05-5.027987868942998e-05j),(-1.1258141953398826e-06-6.433352619713996e-05j),(3.953669341816089e-05-4.6488223385475305e-05j),(5.4370501989874734e-05-3.8441919057493866e-05j),(4.445952332793605e-05-6.034262255359148e-05j),(4.847313185681304e-07-7.432767021567173e-05j),(-4.236326636566662e-05-6.0326020316485485e-05j),(-6.867301025254087e-05-2.5082316753374724e-05j),(-7.031335662653073e-05+1.773906357322007e-05j),(-4.840667760381449e-05+5.321090592370412e-05j),(-1.1739333330978461e-05+7.039395589272396e-05j),(2.7197628631117258e-05+6.538041771306195e-05j),(5.6721429703522914e-05+4.148470666577045e-05j),(6.939087662632459e-05+7.080243755958385e-06j),(6.345902682563094e-05-2.7715632866188872e-05j),(4.232041021244913e-05-5.419735142320733e-05j),(1.2592610958064607e-05-6.712875307159347e-05j),(-1.8255491274831563e-05-6.53565534112831e-05j),(-4.392159844161378e-05-5.117684989091288e-05j),(-6.0462772851435984e-05-2.8974167504288083e-05j),(-6.657525276166729e-05-3.712981045688757e-06j),(-6.316279697462718e-05+2.0276095402025656e-05j),(-5.252834651227704e-05+3.9998903077019665e-05j),(-3.7512929522831924e-05+5.398446304143216e-05j),(-2.0805899800219765e-05+6.208878368488049e-05j),(-4.525169752895074e-06+6.509811621510323e-05j),(9.93794461223082e-06+6.429468049227202e-05j),(2.1875800555178975e-05+6.109279808235527e-05j),(3.1108713278607396e-05+5.679274187672492e-05j),(3.779107475475176e-05+5.24523533605657e-05j),(4.222981402213881e-05+4.88492452398621e-05j),(4.474084089181049e-05+4.6497143144689e-05j)
"(24,)",(4.821555476040414e-06+6.757097266309735e-05j),(3.821764614251997e-05+3.838440471164735e-05j),(5.294709286329008e-05-1.6733865719649942e-06j),(3.412766685274106e-05-3.890670660742385e-05j),(-4.994917925624933e-06-5.025638490547819e-05j),(-3.9106393284054826e-05-2.9892392239253346e-05j),(-4.724504347514995e-05+7.935260755574496e-06j),(-2.5721713055996285e-05+3.880253337067605e-05j),(1.045253959619296e-05+4.393345332552526e-05j),(3.797836895039653e-05+2.1660666724616413e-05j),(4.0340845057969744e-05-1.2500626610904495e-05j),(1.775687297268123e-05-3.6611696806815074e-05j),(-1.4025809109273163e-05-3.648327773801427e-05j),(-3.466977545597997e-05-1.4061819831917638e-05j),(-3.2369963539076e-05+1.4960563498745574e-05j),(-1.0633449146833805e-05+3.209945972869637e-05j),(1.5210727813097203e-05+2.799584776594938e-05j),(2.8805667131887723e-05+7.542059619374719e-06j),(2.3324506452652045e-05-1.4624730003989318e-05j),(4.887476449309407e-06-2.459507866086179e-05j),(-1.2898035244853105e-05-1.8241029739394036e-05j),(-1.897533962851373e-05-2.880501897508823e-06j),(-1.2924359011276908e-05+9.429047916762242e-06j),(-1.9289193827194973e-08-7.34032698722639e-09j),(-3.952792659852101e-08-1.0870152146685602e-08j),(-1.922746840692559e-08-7.316837940867327e-09j),(-1.292435901127676e-05+9.429047916762201e-06j),(-1.897533962851357e-05-2.8805018975087595e-06j),(-1.3306712721305969e-05-1.5552643186272034e-05j),(-4.097866144420878e-06-2.1997470305019165e-05j),(-3.1744609289672117e-06-2.2809235446639664e-05j),(-1.0827804819766834e-05-2.449911676190347e-05j),(-1.7495081503017525e-05-1.9894942811903072e-05j),(-1.9694989575442966e-05-1.7911012778375534e-05j),(-1.8070880056940525e-05-2.0119887956526035e-05j),(-1.1733014480054828e-05-2.5119883274974488e-05j),(2.609702001117077e-07-2.868454902365523e-05j),(1.59310269865911e-05-2.5300924742610684e-05j),(2.9016190568430483e-05-1.1715119060700373e-05j),(3.1420450092958185e-05+9.383387078805364e-06j),(1.8621219108062826e-05+2.8856095602273364e-05j),(-5.654722229632565e-06+3.5460945298471006e-05j),(-2.950064826915927e-05+2.309929989544205e-05j),(-3.882475421328066e-05-3.770963253240485e-06j),(-2.6201397416156633e-05-3.090824648662245e-05j),(3.1533575282644736e-06-4.188220207028773e-05j),(3.291063074338357e-05-2.8368128344144886e-05j),(4.473059274812372e-05+3.4775596093732225e-06j),(2.9807094106536933e-05+3.536302092862152e-05j),(-4.5478934558045955e-06+4.738414314741879e-05j),(-3.8151885117546776e-05+3.0627025266498166e-05j),(-4.982908080769191e-05-6.235298918601881e-06j),(-3.0890437462194986e-05-4.1186614737856283e-05j),(8.447067530444885e-06-5.2042057019068585e-05j),(4.4392169230174997e-05-3.063672479299611e-05j),(5.39970463253296e-05+1.1111301743938737e-05j),(2.9893300833539906e-05+4.7704125600846966e-05j),(-1.4168471448239426e-05+5.566818333997833e-05j),(-5.106551926876168e-05+2.8681410238513955e-05j),(-5.703102704472355e-05-1.7566595447129728e-05j),(-2.7019356669928804e-05-5.4424844932568585e-05j),(2.125838256815216e-05-5.8063169877265313e-05j),(5.773479030636765e-05-2.4924385484487617e-05j),(5.874455648267422e-05+2.5199488091617894e-05j),(2.2413821332443697e-05+6.095143567654728e-05j),(-2.934743459829339e-05+5.905766614629959e-05j),(-6.403375406402516e-05+1.9505769881040582e-05j),(-5.8987626836943255e-05-3.3660944854729944e-05j),(-1.6219551616543816e-05-6.694330858745099e-05j),(3.059056172502451e-05-5.7120606774996135e-05j),(5.76171330305637e-05-2.128977847274341e-05j),(6.684742152786871e-05-6.4728171680505345e-06j),(6.95653204511973e-05-3.016275354229075e-05j),(3.895753104322699e-05-6.434893475814493e-05j),(-4.689787326813067e-06-7.448452234572347e-05j),(-4.5372381534003906e-05-5.8523238360342086e-05j),(-6.961102110338272e-05-2.3535990941610727e-05j),(-7.070935962496428e-05+1.78404438759597e-05j),(-5.0038832311828295e-05+5.229939194147139e-05j),(-1.5445978091870885e-05+7.017281716482423e-05j),(2.213179749877637e-05+6.781939553891915e-05j),(5.237497844255092e-05+4.7702657225546445e-05j),(6.837078493466063e-05+1.6629480110229262e-05j),(6.783278710409868e-05-1.6893177523081812e-05j),(5.2762035306725826e-05-4.518458691971428e-05j),(2.8039335886031462e-05-6.309866707771639e-05j),(-3.7461946036334437e-07-6.865219090883123e-05j),(-2.7034418764135085e-05-6.270215053329927e-05j),(-4.8041358458684776e-05-4.8033517563133626e-05j),(-6.142097006058696e-05-2.8268501278373927e-05j),(-6.696205854142464e-05-6.921978249371378e-06j),(-6.573431828427287e-05+1.3220914669005574e-05j),(-5.95066410708674e-05+3.0372966991134664e-05j),(-5.0231479760192105e-05+4.372570826341793e-05j),(-3.9682273167732036e-05+5.325279219674495e-05j),(-2.9261451934168585e-05+5.9443513515968e-05j),(-1.995109496237856e-05+6.304558636492872e-05j),(-1.2358578390435506e-05+6.486045829305139e-05j),(-6.809176094428205e-06+6.56037226316072e-05j),(-3.4476421031668077e-06+6.582319233196807e-05j)
"(25,)",(-4.703450638787999e-05+5.0687171067670416e-05j),(-1.9898094053393863e-06+5.529683242023029e-05j),(3.821764614251986e-05+3.838440471164719e-05j),(5.2947092863289886e-05-1.6733865719650977e-06j),(3.4127666852740915e-05-3.890670660742368e-05j),(-4.994917925625048e-06-5.0256384905478056e-05j),(-3.910639328405476e-05-2.9892392239253187e-05j),(-4.72450434751498e-05+7.935260755574535e-06j),(-2.572171305599611e-05+3.880253337067593e-05j),(1.0452539596192985e-05+4.3933453325525116e-05j),(3.797836895039641e-05+2.1660666724616294e-05j),(4.034084505796957e-05-1.2500626610904505e-05j),(1.7756872972681167e-05-3.661169680681498e-05j),(-1.4025809109273208e-05-3.648327773801409e-05j),(-3.466977545597986e-05-1.406181983191751e-05j),(-3.2369963539075866e-05+1.4960563498745562e-05j),(-1.0633449146833742e-05+3.2099459728696266e-05j),(1.5210727813097125e-05+2.7995847765949227e-05j),(2.8805667131887672e-05+7.542059619374662e-06j),(2.3324506452652005e-05-1.462473000398933e-05j),(4.887476449309334e-06-2.4595078660861656e-05j),(-1.2898035244853107e-05-1.8241029739393965e-05j),(-1.8975339628513654e-05-2.880501897508785e-06j),(-1.2924359011276845e-05+9.429047916762222e-06j),(-1.922746840692559e-08-7.316837940867327e-09j),(-3.952792659852043e-08-1.087015214668611e-08j),(-1.932020539280867e-08-7.3521281560149925e-09j),(-1.292435901127681e-05+9.42904791676218e-06j),(-1.7463249032361578e-05-9.828861977365286e-07j),(-1.6617463686866796e-05-1.0597633387950125e-05j),(-1.6603586314199126e-05-1.1992482785624351e-05j),(-2.22098813036755e-05-9.046655325437224e-06j),(-2.354666382678599e-05-4.270040674013615e-06j),(-2.3695310790297434e-05-5.47863713384869e-06j),(-2.179073075863407e-05-1.2367120130469508e-05j),(-1.4451861425084086e-05-2.1817416182200537e-05j),(4.203428230536662e-08-2.7604189768246434e-05j),(1.7931166797819058e-05-2.3087746827529026e-05j),(3.0292800515533192e-05-6.344737184648771e-06j),(2.8257209411182006e-05+1.6435516598659742e-05j),(9.872520642632918e-06+3.296817139061541e-05j),(-1.6542380092088092e-05+3.2095053023777436e-05j),(-3.586568195891688e-05+1.1806597044060855e-05j),(-3.5163300932306494e-05-1.7698704185835235e-05j),(-1.2660377334896163e-05-3.892134718157351e-05j),(1.9598990126486572e-05-3.7651766558882846e-05j),(4.2052973774473366e-05-1.2683314702311647e-05j),(3.963645284928716e-05+2.2058050708193122e-05j),(1.2016998065752056e-05+4.518951161569902e-05j),(-2.4950590222312187e-05+4.11505092285721e-05j),(-4.827102174682016e-05+1.0752694147149049e-05j),(-4.2208733297988324e-05-2.8183406024333778e-05j),(-8.955908460804594e-06-5.1245918456675394e-05j),(3.1681719071136474e-05-4.281764412636624e-05j),(5.4068820002483624e-05-6.678153444500414e-06j),(4.2980208707282195e-05+3.5381976500757695e-05j),(3.963105046725051e-06+5.66991556752994e-05j),(-3.922784345984097e-05+4.269829631298658e-05j),(-5.9100304805421496e-05+8.500423412220363e-07j),(-4.197405611008438e-05-4.316787599197086e-05j),(2.6241380298448707e-06-6.123907572405658e-05j),(4.7154133138158724e-05-4.081073649396921e-05j),(6.308539790330591e-05+6.423706136112047e-06j),(3.921319176197326e-05+5.1141340349778156e-05j),(-1.0513356366718733e-05+6.46121477608379e-05j),(-5.508639021522453e-05+3.718820124681177e-05j),(-6.579505833311914e-05-1.4857759284340027e-05j),(-3.474466864412478e-05-5.894805674320039e-05j),(1.9421304155977815e-05-6.661268114726403e-05j),(5.5430242561524316e-05-3.446196369279981e-05j),(6.093237953446008e-05+1.0549040441726934e-05j),(6.142262860678081e-05+2.8566756847713466e-05j),(7.60504672468334e-05+9.971538410820597e-06j),(6.76659116289921e-05-3.487275712710119e-05j),(3.6155183320518896e-05-6.634310206491798e-05j),(-6.446543141633301e-06-7.472019524091603e-05j),(-4.56187261869057e-05-5.883879335350557e-05j),(-6.943308432899372e-05-2.5356975821677456e-05j),(-7.196567748139272e-05+1.4432163298602235e-05j),(-5.4215315174069164e-05+4.872504326829899e-05j),(-2.2721026170467884e-05+6.874623918738512e-05j),(1.3207730610282577e-05+7.07077790765664e-05j),(4.4496709797762736e-05+5.593576401513901e-05j),(6.460179210123326e-05+2.9549942861690827e-05j),(7.060546423884361e-05-1.572076143272388e-06j),(6.311520730435685e-05-3.0795551216839906e-05j),(4.531237345894271e-05-5.316333965495319e-05j),(2.16387779970338e-05-6.604855227710692e-05j),(-3.440346617804359e-06-6.908989308862272e-05j),(-2.631784436119906e-05-6.364575305084205e-05j),(-4.467583200701689e-05-5.2050418935224745e-05j),(-5.751796683489565e-05-3.690881601805996e-05j),(-6.493370344949929e-05-2.0573023130446354e-05j),(-6.774109197983541e-05-4.848178730717694e-06j),(-6.712696809214115e-05+9.095310869507255e-06j),(-6.43571889689197e-05+2.0663111176838466e-05j),(-6.0584613168296405e-05+2.9698933534567377e-05j),(-5.674971387258357e-05+3.632274121442842e-05j),(-5.355084170206811e-05+4.0781792276654284e-05j),(-5.14557972289403e-05+4.3332881615172445e-05j)
"(26,)",(-7.052459685172283e-05+2.4515019926902706e-07j),(-4.262102352637127e-05+3.705250637574783e-05j),(-1.989809405339312e-06+5.5296832420230456e-05j),(3.821764614252e-05+3.838440471164726e-05j),(5.294709286329002e-05-1.6733865719650774e-06j),(3.412766685274097e-05-3.890670660742392e-05j),(-4.9949179256251314e-06-5.0256384905478226e-05j),(-3.910639328405494e-05-2.9892392239253208e-05j),(-4.724504347514991e-05+7.935260755574626e-06j),(-2.5721713055996166e-05+3.880253337067606e-05j),(1.0452539596193058e-05+4.3933453325525204e-05j),(3.797836895039652e-05+2.166066672461627e-05j),(4.034084505796969e-05-1.2500626610904573e-05j),(1.775687297268112e-05-3.66116968068151e-05j),(-1.4025809109273301e-05-3.648327773801416e-05j),(-3.4669775455979977e-05-1.4061819831917516e-05j),(-3.2369963539075954e-05+1.496056349874561e-05j),(-1.0633449146833756e-05+3.209945972869628e-05j),(1.5210727813097221e-05+2.7995847765949315e-05j),(2.8805667131887828e-05+7.542059619374657e-06j),(2.3324506452651988e-05-1.4624730003989389e-05j),(4.887476449309314e-06-2.4595078660861757e-05j),(-1.2898035244853149e-05-1.8241029739393982e-05j),(-1.8975339628513708e-05-2.8805018975087748e-06j),(-1.292435901127676e-05+9.429047916762201e-06j),(-1.932020539280867e-08-7.3521281560149925e-09j),(-3.952792659852089e-08-1.0870152146685532e-08j),(-1.9540110169664048e-08-7.435810915516783e-09j),(-1.0751675919226711e-05+9.585994971173721e-06j),(-1.608561854799828e-05+4.094554588902972e-06j),(-1.7356297263158775e-05+3.003747704496421e-06j),(-1.979375048554537e-05+6.964712715661288e-06j),(-1.9811943956685916e-05+7.780403562191203e-06j),(-2.1978852457511524e-05+2.107769440731182e-06j),(-2.151601859680318e-05-9.264618107934803e-06j),(-1.2843681705163462e-05-2.1665646189099062e-05j),(4.384885345477948e-06-2.677535440923036e-05j),(2.2777747666201936e-05-1.8137126308945693e-05j),(3.095515899547432e-05+2.6944352465836016e-06j),(2.1485589831756084e-05+2.5009033270545892e-05j),(-2.5913530955213556e-06+3.470721051491825e-05j),(-2.7854624950285306e-05+2.369568353669464e-05j),(-3.811153360256962e-05-3.502567023892838e-06j),(-2.5058581603114986e-05-3.10678235373366e-05j),(5.159543633270831e-06-4.117847542144716e-05j),(3.45072353922265e-05-2.5715329603889738e-05j),(4.390188220947625e-05+7.407077978900114e-06j),(2.5747642605253544e-05+3.807747155307096e-05j),(-1.0140799538483248e-05+4.6269939990181396e-05j),(-4.1706017339776455e-05+2.5209511891219e-05j),(-4.826884866556487e-05-1.3282164091115129e-05j),(-2.414076829720635e-05-4.5333120913165725e-05j),(1.6766909568556122e-05-4.988454590209541e-05j),(4.8906923303330156e-05-2.2573755370021024e-05j),(5.110368380677659e-05+2.053916232560391e-05j),(2.053693553367243e-05+5.238093909727112e-05j),(-2.4548207141459946e-05+5.191424646743544e-05j),(-5.57126896644391e-05+1.8056970314453292e-05j),(-5.2305967498504666e-05-2.8746630843693143e-05j),(-1.5159973672936386e-05-5.886294358408285e-05j),(3.308922657546759e-05-5.227062426099856e-05j),(6.179529577368293e-05-1.1872285455343246e-05j),(5.1802249826794136e-05+3.753234430198348e-05j),(8.220949974636884e-06+6.44759440455221e-05j),(-4.2033515792187385e-05+5.089728632632823e-05j),(-6.687358440031438e-05+4.234004293911569e-06j),(-4.9554694007135946e-05-4.655125509408762e-05j),(5.936169604860847e-08-6.89593789878264e-05j),(5.104497476239777e-05-4.777602504372372e-05j),(6.57488093422082e-05-1.337750539806127e-06j),(4.724562701494491e-05+4.056098538286766e-05j),(3.808997644490578e-05+5.67271384674113e-05j),(6.02303203941802e-05+4.8907584312879255e-05j),(7.67406481416198e-05+6.6679306731577115e-06j),(6.718788696588003e-05-3.654422111378154e-05j),(3.6341837196500056e-05-6.668824423243901e-05j),(-4.742149813582077e-06-7.527466263418748e-05j),(-4.3055032511072285e-05-6.130408799356047e-05j),(-6.787493611360773e-05-3.0506343682178083e-05j),(-7.356535423069288e-05+7.3588473437355855e-06j),(-6.034351820329836e-05+4.1902226001341766e-05j),(-3.3215893929009015e-05+6.502164714382933e-05j),(1.9467123710113412e-07+7.258093272594806e-05j),(3.2046538883190307e-05+6.466069929755917e-05j),(5.617984284106303e-05+4.4664225040831034e-05j),(6.913720561865136e-05+1.7815725342704345e-05j),(7.027737042035958e-05-1.0392672673046228e-05j),(6.121056520409314e-05-3.539899443630443e-05j),(4.4894443125441086e-05-5.422743675286708e-05j),(2.4708910569994597e-05-6.561511614614899e-05j),(3.727902005030862e-06-6.975101372087833e-05j),(-1.5716775844538896e-05-6.781457573008536e-05j),(-3.218728313072874e-05-6.148224103813537e-05j),(-4.5077297120363905e-05-5.2515765917067285e-05j),(-5.442619903451043e-05-4.248488707355254e-05j),(-6.06915315791343e-05-3.26273472708019e-05j),(-6.453672535388165e-05-2.38192374137289e-05j),(-6.666374836928358e-05-1.66170593969221e-05j),(-6.769811818937913e-05-1.1334437020843096e-05j),(-6.811970117343624e-05-8.124597904321846e-06j)
"(27,)",(-4.9254555972605424e-05-5.2346034723483125e-05j),(-5.7286089301148595e-05-5.956371842571488e-06j),(-4.2621023526371326e-05+3.705250637574779e-05j),(-1.9898094053394066e-06+5.5296832420230416e-05j),(3.82176461425199e-05+3.838440471164732e-05j),(5.2947092863290055e-05-1.6733865719650918e-06j),(3.412766685274103e-05-3.890670660742384e-05j),(-4.994917925625073e-06-5.0256384905478226e-05j),(-3.910639328405488e-05-2.989239223925326e-05j),(-4.72450434751499e-05+7.935260755574498e-06j),(-2.572171305599621e-05+3.880253337067601e-05j),(1.0452539596192965e-05+4.393345332552518e-05j),(3.797836895039649e-05+2.1660666724616352e-05j),(4.034084505796966e-05-1.2500626610904535e-05j),(1.7756872972681164e-05-3.661169680681506e-05j),(-1.4025809109273249e-05-3.648327773801417e-05j),(-3.466977545597993e-05-1.4061819831917595e-05j),(-3.2369963539075914e-05+1.4960563498745487e-05j),(-1.0633449146833815e-05+3.20994597286963e-05j),(1.5210727813097218e-05+2.7995847765949393e-05j),(2.880566713188776e-05+7.542059619374668e-06j),(2.3324506452652025e-05-1.4624730003989365e-05j),(4.8874764493093515e-06-2.459507866086172e-05j),(-1.289803524485312e-05-1.824102973939401e-05j),(-1.897533962851357e-05-2.8805018975087595e-06j),(-1.292435901127681e-05+9.42904791676218e-06j),(-1.9540110169664048e-08-7.435810915516783e-09j),(-3.9527926598520334e-08-1.0870152146686075e-08j),(-2.032397031757867e-08-6.931253837391544e-09j),(-6.52895773832951e-06+1.1502507149923093e-05j),(-8.477979327575019e-06+1.1585431007776439e-05j),(-1.0357556805905473e-05+1.4518922491631e-05j),(-1.4350843401282654e-05+1.1950425652501426e-05j),(-2.0192984033356043e-05+2.9518680990081134e-06j),(-1.948779251890646e-05-1.1588713471628731e-05j),(-7.280258429706461e-06-2.3960400872879353e-05j),(1.2452943304725886e-05-2.434457588375219e-05j),(2.8089741403563554e-05-9.132597411739712e-06j),(2.805897712231527e-05+1.4567981303542263e-05j),(9.683602594009217e-06+3.2161567871671994e-05j),(-1.735202465922557e-05+3.093001677074298e-05j),(-3.6073004053647377e-05+9.31820264658054e-06j),(-3.309902718841602e-05-2.0576569403810632e-05j),(-8.226207286071265e-06-3.978077194224818e-05j),(2.4114599291008098e-05-3.464398145753966e-05j),(4.325441546339579e-05-6.522988972566396e-06j),(3.561213814097095e-05+2.7878887148259866e-05j),(4.289321224884558e-06+4.646691769875544e-05j),(-3.1801109923755085e-05+3.6034763809657295e-05j),(-4.939271401550205e-05+1.588005565366863e-06j),(-3.5934586898869075e-05-3.582321995146612e-05j),(1.5281246700412496e-06-5.200743553522827e-05j),(3.989338697338984e-05-3.532989625812809e-05j),(5.428807564914084e-05+5.011966515447938e-06j),(3.423693964653026e-05+4.3963921957792404e-05j),(-8.819754174850247e-06+5.621323946007018e-05j),(-4.799016109506445e-05+3.2671393789352695e-05j),(-5.77633846883141e-05-1.2909651307494007e-05j),(-3.064929455759236e-05-5.192985608469255e-05j),(1.7240907203918112e-05-5.892103205511063e-05j),(5.574284940767442e-05-2.8187635740897425e-05j),(5.967094284105465e-05+2.1773354138406154e-05j),(2.5304754364146e-05+5.939091820761373e-05j),(-2.646712091278848e-05+6.000026631148687e-05j),(-6.283772158027164e-05+2.2020572384735725e-05j),(-5.9898660352000384e-05-3.128248877402155e-05j),(-1.8356737798236244e-05-6.604881269572645e-05j),(3.617984412633913e-05-5.93583881527391e-05j),(6.899169180528445e-05-1.4336692628487907e-05j),(5.725128821400102e-05+3.338202477770561e-05j),(1.9215340271509596e-05+5.96956601599978e-05j),(2.445153241045321e-06+6.888002650598178e-05j),(2.510349746841049e-05+7.435313282258611e-05j),(6.15458175359418e-05+4.7820810510053244e-05j),(7.712419651223686e-05+6.700059903168233e-06j),(6.835502597720612e-05-3.5230668574836233e-05j),(3.956251096581268e-05-6.535555645042762e-05j),(4.898079890366809e-07-7.59057301449867e-05j),(-3.7351943733534796e-05-6.553374120062438e-05j),(-6.420902268570142e-05-3.869874002825813e-05j),(-7.444071040945903e-05-3.4997258802278006e-06j),(-6.726442946071983e-05+3.1068531548609756e-05j),(-4.604415383837334e-05+5.752114342462563e-05j),(-1.6667501769261074e-05+7.136463007169293e-05j),(1.432432792085585e-05+7.14881630598273e-05j),(4.130263917575223e-05+5.964890615397399e-05j),(6.0502548055506527e-05+3.9429555084267604e-05j),(7.030393799002899e-05+1.5073161338476922e-05j),(7.097609330927389e-05-9.493608149084594e-06j),(6.411099431035654e-05-3.128479346157523e-05j),(5.1970892546314735e-05-4.8503295704718395e-05j),(3.69182406017414e-05-6.048598543580172e-05j),(2.101741729515476e-05-6.746214036942767e-05j),(5.826829714282853e-06-7.024015506183264e-05j),(-7.647828846188067e-06-6.99092035312855e-05j),(-1.8890366785580085e-05-6.760534945293165e-05j),(-2.7753599061441583e-05-6.435828224559164e-05j),(-3.432362916224503e-05-6.101170003262525e-05j),(-3.879614770409154e-05-5.819829841356906e-05j),(-4.137841641894158e-05-5.634713908926292e-05j)
"(28,)",(1.770283612930598e-06-7.007139433402786e-05j),(-3.647611184275718e-05-4.0419759263769214e-05j),(-5.341385142300877e-05-9.273214861048013e-07j),(-3.642079284431134e-05+3.764380829698068e-05j),(2.583602995496914e-06+5.124920578967703e-05j),(3.837759606411614e-05+3.240271296010619e-05j),(4.8774265686056764e-05-5.784410712530506e-06j),(2.840378916062577e-05-3.86680491848361e-05j),(-8.641100280952027e-06-4.60100044067615e-05j),(-3.850597249898574e-05-2.446353684874592e-05j),(-4.2978194589968055e-05+1.1118571996047889e-05j),(-2.0622950208435983e-05+3.7881404873816296e-05j),(1.3179508940036116e-05+3.970075116079542e-05j),(3.6782022312845095e-05+1.6924950320010614e-05j),(3.619870941381099e-05-1.478249469526628e-05j),(1.341520873077115e-05-3.5190461737544094e-05j),(-1.587871737166129e-05-3.249051129357295e-05j),(-3.307954598325688e-05-1.0143681781760962e-05j),(-2.85888672060628e-05+1.640580919000948e-05j),(-7.167654427873567e-06+3.0402999868501916e-05j),(1.627513484482733e-05+2.4494366557336736e-05j),(2.7075076996310963e-05+4.558583843884147e-06j),(2.0180591041060715e-05-1.5341232417258525e-05j),(2.421492446270283e-06-2.2916909271771994e-05j),(-1.3306712721305969e-05-1.5552643186272034e-05j),(-1.7463249032361578e-05-9.828861977365286e-07j),(-1.0751675919226711e-05+9.585994971173721e-06j),(-2.032397031757867e-08-6.931253837391544e-09j),(-3.895038622937127e-08-1.092548793233782e-08j),(-1.414453630695355e-08-4.414028505735086e-09j),(3.814865602007593e-08+1.128213915439045e-05j),(-4.55371966607596e-06+1.3928778969935252e-05j),(-1.3719826379111935e-05+1.022106082700034e-05j),(-2.0076840065597294e-05-1.986025102623013e-06j),(-1.4760858559390014e-05-1.7737131885975346e-05j),(2.584855339133674e-06-2.559286318062896e-05j),(2.2116458355024125e-05-1.7415746018685614e-05j),(3.0096857987450616e-05+4.265938375750324e-06j),(1.8860656889207463e-05+2.6463718087561934e-05j),(-6.6305927418414835e-06+3.3829121615381175e-05j),(-3.0731796942976917e-05+1.940216808829321e-05j),(-3.692166743665203e-05-9.503966107233532e-06j),(-1.9200818382137488e-05-3.489424732079493e-05j),(1.2779998404843296e-05-3.94432480616908e-05j),(3.8923765162159165e-05-1.8355198444555428e-05j),(4.143120893392303e-05+1.6381291012063898e-05j),(1.693398310396967e-05+4.2791196063477523e-05j),(-2.0244661816109712e-05+4.2906681025492936e-05j),(-4.64664719611041e-05+1.4990122719858768e-05j),(-4.388226246544457e-05-2.431482886826405e-05j),(-1.2567922196636402e-05-4.9919485408688465e-05j),(2.8541288757598317e-05-4.436621041067398e-05j),(5.312073495072523e-05-9.706886908585783e-06j),(4.436488243867596e-05+3.287665246104734e-05j),(6.443940938150177e-06+5.604179558923209e-05j),(-3.7275722337635024e-05+4.388423392684847e-05j),(-5.865567285852792e-05+2.814757170013121e-06j),(-4.293077298434499e-05-4.169497816966325e-05j),(1.1454298754556744e-06-6.093708009920847e-05j),(4.6092303633357774e-05-4.1512185772901346e-05j),(6.286266336939337e-05+5.401329233888831e-06j),(3.9637751202790395e-05+5.0426861084341784e-05j),(-9.917303406746293e-06+6.441118873123641e-05j),(-5.465906117635761e-05+3.731861463633611e-05j),(-6.556370075944091e-05-1.4657215345653694e-05j),(-3.456796300570112e-05-5.875059459642791e-05j),(1.958437037595131e-05-6.630365757635798e-05j),(6.266450495821693e-05-3.1401128105921365e-05j),(6.661704558263099e-05+2.4661525789041432e-05j),(3.1023267307102665e-05+5.9158063892873385e-05j),(-1.5623332969778888e-05+6.120639154505904e-05j),(-3.523215140666531e-05+5.9935633317624514e-05j),(-1.951966276456447e-05+7.6933246252891e-05j),(2.5225423142526328e-05+7.471073475023801e-05j),(6.082333800517629e-05+4.9386129487691766e-05j),(7.719336094351502e-05+1.0117777070291563e-05j),(7.098349523835082e-05-3.078301659901749e-05j),(4.561017132202273e-05-6.191499058166986e-05j),(9.281160522574536e-06-7.587911369254213e-05j),(-2.7997173584464575e-05-7.06581367176464e-05j),(-5.7335661139139704e-05-4.923780716799215e-05j),(-7.29868149262546e-05-1.7965592417946376e-05j),(-7.312457875817939e-05+1.560709036310703e-05j),(-5.947232747771148e-05+4.4695613833163225e-05j),(-3.616811929113958e-05+6.460173173971186e-05j),(-8.354855507687104e-06+7.322312803782156e-05j),(1.908546718051447e-05+7.085334293025233e-05j),(4.239710168159485e-05+5.952405928314288e-05j),(5.933883158218976e-05+4.21770416489716e-05j),(6.915873439891218e-05+2.1901328442177443e-05j),(7.229489496267468e-05+1.3771241381474454e-06j),(6.995586464090865e-05-1.7428172538523125e-05j),(6.370645742108471e-05-3.333829691348549e-05j),(5.513720176299257e-05-4.588584625866847e-05j),(4.5648741797965726e-05-5.51430376174959e-05j),(3.634707187805329e-05-6.152770685517318e-05j),(2.802528174876979e-05-6.562632101142953e-05j),(2.12006567411656e-05-6.805490335489173e-05j),(1.6178149245540334e-05-6.936243591448316e-05j),(1.3117803550241937e-05-6.997122463703083e-05j)
"(29,)",(3.259625299162286e-05-4.928852446850688e-05j),(-1.0215561092711191e-05-5.4332471678334446e-05j),(-4.5822363421388174e-05-2.9081504927764556e-05j),(-5.1532590311364766e-05+1.337385019909865e-05j),(-2.4902565244468595e-05+4.586252829360756e-05j),(1.6175387593111893e-05+4.848612081999939e-05j),(4.5476034898272406e-05+2.0820925846814454e-05j),(4.5220793374265675e-05-1.859272466779054e-05j),(1.6876053705603386e-05-4.466353977236689e-05j),(-2.0598267141970615e-05-4.176555400558392e-05j),(-4.3426103467629654e-05-1.3108528443898604e-05j),(-3.815025605348967e-05+2.2163468380911758e-05j),(-9.560513823684804e-06+4.176421132730907e-05j),(2.3257519571554716e-05+3.440523368405709e-05j),(3.967621665450724e-05+6.276581729822798e-06j),(3.056065680851598e-05-2.384516646639171e-05j),(3.305154837298449e-06-3.7155733068135775e-05j),(-2.3882898900857675e-05-2.6645450866107303e-05j),(-3.418695813646638e-05-7.011239317498473e-07j),(-2.268527760634896e-05+2.331182458655972e-05j),(1.469054080264569e-06+3.073549465964333e-05j),(2.2042927858696184e-05+1.8698277845224177e-05j),(2.6727952029179256e-05-3.1161540272478593e-06j),(1.4684750865931359e-05-1.992156730153149e-05j),(-4.097866144420878e-06-2.1997470305019165e-05j),(-1.6617463686866796e-05-1.0597633387950125e-05j),(-1.608561854799828e-05+4.094554588902972e-06j),(-6.52895773832951e-06+1.1502507149923093e-05j),(-1.414453630695355e-08-4.414028505735086e-09j),(-1.729844578975267e-08-1.87112162435017e-08j),(7.654410479154068e-09-8.2707289602083e-09j),(-3.810494883201123e-06+8.222992496024009e-06j),(-1.0714515679397426e-05+4.356367529428124e-06j),(-1.2774566925247748e-05-5.538704501803021e-06j),(-5.522622223193934e-06-1.4945803101096196e-05j),(7.841529199233696e-06-1.5881995552334563e-05j),(1.847756495178222e-05-5.660214952628872e-06j),(1.807091056624164e-05+1.0322170927261918e-05j),(5.163644468458101e-06+2.158769032747267e-05j),(-1.293312208635075e-05+1.9620625675996827e-05j),(-2.4376657551256346e-05+4.186137865465204e-06j),(-2.0654163471254202e-05-1.564086426976146e-05j),(-2.812832126968599e-06-2.688467684258592e-05j),(1.8414637857226646e-05-2.1237952288363884e-05j),(2.912689374297097e-05-1.1013804475939527e-06j),(2.1413084504487673e-05+2.1224946656924222e-05j),(-9.038656764753456e-07+3.110663882963981e-05j),(-2.4043236064521517e-05+2.1207954766001352e-05j),(-3.2821362863650216e-05-3.1656820096641466e-06j),(-2.0644249917437095e-05-2.6841801913109117e-05j),(5.65089681293534e-06-3.42656468563053e-05j),(2.959377451171427e-05-1.9740108881868075e-05j),(3.5432877788293755e-05+8.328722977996874e-06j),(1.851191953108229e-05+3.227314080128641e-05j),(-1.1169804805039099e-05+3.631625202539173e-05j),(-3.485479078958297e-05+1.697539541624014e-05j),(-3.690941210174496e-05-1.4145659699537084e-05j),(-1.514624315300124e-05-3.731458054847234e-05j),(1.722835290005847e-05-3.7206869823686e-05j),(3.962940642431293e-05-1.3040582673606769e-05j),(3.7204297295313725e-05+2.0390317096808548e-05j),(1.0675210406608769e-05+4.177728641246303e-05j),(-2.360426601215505e-05+3.689873173699446e-05j),(-4.3737445517466165e-05+8.067758024406845e-06j),(-3.628872103162144e-05-2.6843170993610656e-05j),(-5.236778913445352e-06-4.549040255279421e-05j),(3.0080280961733944e-05-3.5374426414427535e-05j),(4.7018056309140465e-05-2.2017827901559636e-06j),(3.4157692644941055e-05+3.328917271939822e-05j),(2.904586413365495e-06+4.4752480254051494e-05j),(-2.6292222923163343e-05+3.3249136034718917e-05j),(-3.8134922109674605e-05+2.698337772486248e-05j),(-3.352994791638833e-05+4.164572910120128e-05j),(-5.9662988617683884e-06+5.282256657500552e-05j),(2.2602003903335444e-05+4.778233733777818e-05j),(4.3786435494772884e-05+2.9085250731736948e-05j),(5.220056867406497e-05+2.925390998296962e-06j),(4.656858350892359e-05-2.315517132567159e-05j),(2.945335396151014e-05-4.254112594652033e-05j),(5.963966023111301e-06-5.113976110086651e-05j),(-1.7970606405090915e-05-4.7986135895278935e-05j),(-3.7186024243954235e-05-3.491096503509796e-05j),(-4.833244986738797e-05-1.557986320079184e-05j),(-5.024719582573688e-05+5.691734995233465e-06j),(-4.372954279435954e-05+2.4991480183832077e-05j),(-3.093256086750739e-05+3.9508948021995984e-05j),(-1.4622457959439825e-05+4.78138786354072e-05j),(2.486712163210288e-06+4.977222719888053e-05j),(1.819853794432569e-05+4.622787821988013e-05j),(3.106289696606188e-05+3.859156520544875e-05j),(4.039729050376941e-05+2.8452308152409342e-05j),(4.616617698050036e-05+1.7281814421931596e-05j),(4.879087407078001e-05+6.257207231285906e-06j),(4.895040319204543e-05-3.8064827966882077e-06j),(4.7412596312411795e-05-1.2441491565405537e-05j),(4.4913433221340144e-05-1.9462965099173532e-05j),(4.208598059067693e-05-2.48841014439545e-05j),(3.94301751422187e-05-2.8831656739860904e-05j),(3.7310437121563975e-05-3.1473902964260385e-05j),(3.596802136626014e-05-3.296600535557912e-05j)
"(30,)",(3.755104524621466e-05-5.701147066988421e-05j),(-9.822851721679945e-06-5.488286784664431e-05j),(-4.59505776493153e-05-2.974829853275118e-05j),(-5.2106534989690534e-05+1.3004852280127265e-05j),(-2.5569395323472165e-05+4.602417542184508e-05j),(1.5829879921675854e-05+4.9083974065298144e-05j),(4.5671363909474024e-05+2.1488429828590582e-05j),(4.584348872197359e-05-1.8270384645738593e-05j),(1.7545399657186264e-05-4.489320442004943e-05j),(-2.0298698612412262e-05-4.241479240799337e-05j),(-4.3691353276060795e-05-1.3781556563850173e-05j),(-3.882879418904286e-05+2.1886246423037253e-05j),(-1.0239948226276581e-05+4.2067185973928344e-05j),(2.3002268200752115e-05+3.511733419395461e-05j),(4.002042693718452e-05+6.966362053537675e-06j),(3.131283323180963e-05-2.3611705520454627e-05j),(4.010983188765815e-06-3.754690398571688e-05j),(-2.367155069876287e-05-2.7447790322975117e-05j),(-3.463464317046743e-05-1.4314248830682301e-06j),(-2.3554011513456402e-05+2.3124135705927047e-05j),(7.013149616025102e-07+3.12565494146762e-05j),(2.1883655138030706e-05+1.9661429523799907e-05j),(2.7355350169268356e-05-2.289690388013737e-06j),(1.5796975295655962e-05-1.980551857864544e-05j),(-3.1744609289672117e-06-2.2809235446639664e-05j),(-1.6603586314199126e-05-1.1992482785624351e-05j),(-1.7356297263158775e-05+3.003747704496421e-06j),(-8.477979327575019e-06+1.1585431007776439e-05j),(3.814865602007593e-08+1.128213915439045e-05j),(7.654410479154068e-09-8.2707289602083e-09j),(-3.199047933950444e-08-9.160123960492835e-09j),(-1.6938744102980593e-08-9.17919121594054e-09j),(-1.0549929053978059e-05+9.261580133041356e-06j),(-1.6996911545126874e-05-1.050897036477105e-06j),(-1.2879230207042182e-05-1.519473738093043e-05j),(2.4478652256187972e-06-2.2285062986931054e-05j),(1.9685873173952876e-05-1.4846864782629839e-05j),(2.6315141154565946e-05+4.52822027228389e-06j),(1.5744112797219275e-05+2.3873279493852768e-05j),(-7.0677050174447406e-06+2.953866828573258e-05j),(-2.784756224280534e-05+1.5860959812027492e-05j),(-3.212917560060028e-05-9.963318784340206e-06j),(-1.533901002679794e-05-3.16338928188713e-05j),(1.3145302716541592e-05-3.416988491621932e-05j),(3.5231518258151836e-05-1.4264502043080756e-05j),(3.570574780932591e-05+1.655785583673035e-05j),(1.2698112631728935e-05+3.862802859512983e-05j),(-2.0152369252914394e-05+3.676320038547055e-05j),(-4.1805499283638315e-05+1.0687334779165264e-05j),(-3.735916495043847e-05-2.3884429989531178e-05j),(-8.272470681368035e-06-4.474351425126612e-05j),(2.7712315304217528e-05-3.7505680041628736e-05j),(4.742081930102014e-05-5.489836080851811e-06j),(3.7212495540327985e-05+3.1596186169688966e-05j),(2.37358935383091e-06+4.9816309264598975e-05j),(-3.5497649003018654e-05+3.648862120463284e-05j),(-5.190966331470631e-05-1.0431816517894913e-06j),(-3.53432932159994e-05-3.937952796949187e-05j),(4.727802621063296e-06-5.368178097335178e-05j),(4.320576507732086e-05-3.37865956003348e-05j),(5.5115097758190753e-05+8.647619311849888e-06j),(3.182986535151266e-05+4.6941401174815566e-05j),(-1.2769773500509311e-05+5.619382348581059e-05j),(-5.0552609597373495e-05+2.9485955151378132e-05j),(-5.690412767081816e-05-1.7061092248758082e-05j),(-2.6769398019594182e-05-5.400676452352302e-05j),(2.1488055555461e-05-5.723428638042711e-05j),(5.727253211174543e-05-2.369650155474269e-05j),(5.717479921733502e-05+2.601681974787209e-05j),(2.3561650562378623e-05+5.4168460092795446e-05j),(-1.777477079796092e-05+5.292470274452384e-05j),(-3.5380837929739575e-05+5.039703143602385e-05j),(-2.339997768190367e-05+6.657265167336219e-05j),(1.549969698376343e-05+6.845404256855655e-05j),(4.870386616677381e-05+5.00283782404485e-05j),(6.710598097162223e-05+1.7957181299390588e-05j),(6.674533659506355e-05-1.7989693035642732e-05j),(4.9165761862284774e-05-4.812886835699566e-05j),(2.0145432322634368e-05-6.54612253927903e-05j),(-1.2495736736900134e-05-6.70413081404716e-05j),(-4.1192301863626056e-05-5.3999256600707705e-05j),(-6.038160479116937e-05-3.051649999278925e-05j),(-6.737171921052692e-05-2.2765628316389855e-06j),(-6.232619903696752e-05+2.5080136381365088e-05j),(-4.760000421508919e-05+4.711443611710881e-05j),(-2.6763104442890576e-05+6.118633694064614e-05j),(-3.627664102611687e-06+6.651250967876865e-05j),(1.850324223963446e-05+6.383006703787624e-05j),(3.726978007641875e-05+5.486066955999865e-05j),(5.138188939439737e-05+4.175148366920364e-05j),(6.0513825245399436e-05+2.6614710183748204e-05j),(6.506652691057559e-05+1.1223196908721568e-05j),(6.588956271927968e-05-3.1341465491764636e-06j),(6.402851121410012e-05-1.566751281357381e-05j),(6.053323664197345e-05-2.6016314841316134e-05j),(5.633655530711187e-05-3.4137429964697345e-05j),(5.219532312486309e-05-4.018499566782421e-05j),(4.867722496926845e-05-4.4402796340871086e-05j),(4.6174565142783884e-05-4.703923161723917e-05j),(4.4928535622851574e-05-4.8287085987281315e-05j)
"(31,)",(1.0785937353198196e-05-7.728579493625876e-05j),(-3.448951273207388e-05-5.48523539577135e-05j),(-6.245049340838294e-05-1.2079620332935892e-05j),(-5.052025113096388e-05+3.662476709150906e-05j),(-7.641932998957242e-06+6.0687509304945484e-05j),(3.826784553335759e-05+4.609410123958815e-05j),(5.851952778924132e-05+3.5071892089436094e-06j),(4.16181693356013e-05-3.940212968730111e-05j),(-2.810720249460367e-07-5.596705872198956e-05j),(-4.0011479764967724e-05-3.7138843454015476e-05j),(-5.305227639370497e-05+3.677720579054437e-06j),(-3.2705063274583414e-05+4.007927501185278e-05j),(6.634766169499025e-06+4.979858944252512e-05j),(3.958690006470582e-05+2.8369134454488967e-05j),(4.6230071193335884e-05-9.099209671327191e-06j),(2.4188266497057616e-05-3.851128008372969e-05j),(-1.1009269625243938e-05-4.237071082869813e-05j),(-3.682067532271846e-05-2.0227591052011165e-05j),(-3.824351265732294e-05+1.2287336968645866e-05j),(-1.65665782639884e-05+3.446703588753551e-05j),(1.282554219169538e-05+3.386990238202991e-05j),(3.13708644122036e-05+1.3314574641860119e-05j),(2.9272368730134032e-05-1.2451701156412949e-05j),(1.0656989523482902e-05-2.7387388186887417e-05j),(-1.0827804819766834e-05-2.449911676190347e-05j),(-2.22098813036755e-05-9.046655325437224e-06j),(-1.979375048554537e-05+6.964712715661288e-06j),(-1.0357556805905473e-05+1.4518922491631e-05j),(-4.55371966607596e-06+1.3928778969935252e-05j),(-3.810494883201123e-06+8.222992496024009e-06j),(-1.6938744102980593e-08-9.17919121594054e-09j),(-3.95279265985204e-08-1.0870152146686355e-08j),(-1.9635895023450644e-08-7.472260969023469e-09j),(-1.2924359011276925e-05+9.42904791676224e-06j),(-1.897533962851368e-05-2.8805018975087926e-06j),(-1.289803524485311e-05-1.8241029739393982e-05j),(4.8874764493093566e-06-2.4595078660861727e-05j),(2.3324506452652066e-05-1.4624730003989365e-05j),(2.880566713188778e-05+7.542059619374628e-06j),(1.5210727813097183e-05+2.799584776594938e-05j),(-1.0633449146833886e-05+3.209945972869634e-05j),(-3.236996353907598e-05+1.4960563498745548e-05j),(-3.466977545597991e-05-1.406181983191771e-05j),(-1.40258091092732e-05-3.6483277738014244e-05j),(1.775687297268123e-05-3.661169680681509e-05j),(4.034084505796975e-05-1.2500626610904496e-05j),(3.7978368950396494e-05+2.1660666724616423e-05j),(1.0452539596192993e-05+4.393345332552519e-05j),(-2.5721713055996217e-05+3.880253337067598e-05j),(-4.72450434751499e-05+7.935260755574584e-06j),(-3.9106393284054806e-05-2.989239223925337e-05j),(-4.994917925624999e-06-5.0256384905478334e-05j),(3.4127666852741166e-05-3.8906706607423896e-05j),(5.294709286329013e-05-1.6733865719648286e-06j),(3.821764614251985e-05+3.838440471164752e-05j),(-1.9898094053398467e-06+5.5296832420230484e-05j),(-4.262102352637151e-05+3.705250637574758e-05j),(-5.728608930114852e-05-5.9563718425717155e-06j),(-3.542476645284151e-05-4.679732032890007e-05j),(1.0188552401879735e-05-5.889669345573082e-05j),(5.0874413386147614e-05-3.334877011986038e-05j),(6.01121923515613e-05+1.4648753033656469e-05j),(3.0840164990445056e-05+5.48147553279582e-05j),(-1.929930429666118e-05+6.091812729664534e-05j),(-5.858219236858421e-05+2.7916183084479623e-05j),(-6.130224337072048e-05-2.41023626601587e-05j),(-2.4595811977095086e-05-6.2142053485054e-05j),(2.90198899967458e-05-6.125465113596885e-05j),(6.546125869001947e-05-2.0899887456460672e-05j),(5.890372193048896e-05+2.6616051874133573e-05j),(2.4476804979163277e-05+5.599053067372987e-05j),(8.332115696681308e-06+6.688740970672666e-05j),(2.991057035165193e-05+7.12185177974434e-05j),(6.282258893009596e-05+4.420778646954321e-05j),(7.62457782048671e-05+4.953613123106334e-06j),(6.7729478644374e-05-3.4502071907785935e-05j),(4.1232308747796976e-05-6.340473034926695e-05j),(5.053757082873767e-06-7.510180131376321e-05j),(-3.1087034362731447e-05-6.817655485467741e-05j),(-5.879569742495402e-05-4.5927093972078555e-05j),(-7.283562190836724e-05-1.4705003251753573e-05j),(-7.176074627459188e-05+1.816644490145559e-05j),(-5.7473520207670536e-05+4.624040125809258e-05j),(-3.409599028002489e-05+6.514640610540598e-05j),(-6.617697548864439e-06+7.301717145434864e-05j),(2.0292540449356537e-05+7.025492542170684e-05j),(4.308232370020572e-05+5.888326611773193e-05j),(5.9658490295063125e-05+4.175539144769381e-05j),(6.93446208312022e-05+2.18359558669079e-05j),(7.258759292305552e-05+1.683757005254949e-06j),(7.055753554429055e-05-1.6826881336371994e-05j),(6.475723360687076e-05-3.257379723421544e-05j),(5.671228933873031e-05-4.510583211658887e-05j),(4.776970415365084e-05-5.448170227637705e-05j),(3.9000075518359665e-05-6.108651194708674e-05j),(3.118027150596637e-05-6.546433327029468e-05j),(2.4827370221648678e-05-6.818597006744967e-05j),(2.0256747464804075e-05-6.975604581192511e-05j),(1.7643244570472222e-05-7.055441180520692e-05j),(1.7071163708448957e-05-7.08031258036317e-05j)
"(32,)",(-3.099594332246744e-05-7.088275465796984e-05j),(-5.748374275061292e-05-2.8840263885280613e-05j),(-5.924958499123526e-05+2.176280525208734e-05j),(-2.4218234951545094e-05+5.697053057222623e-05j),(2.444034784799473e-05+5.5523955795668e-05j),(5.600405661669473e-05+1.979678300875714e-05j),(5.164052376704961e-05-2.664221635229101e-05j),(1.562484656219936e-05-5.459547640097707e-05j),(-2.83414992286827e-05-4.764334074013685e-05j),(-5.27577814839399e-05-1.1754146080765048e-05j),(-4.358007269603011e-05+2.9509980864214982e-05j),(-8.240791480753676e-06+5.050535717547732e-05j),(3.0116274788232757e-05+3.950312327075456e-05j),(4.785335248899413e-05+5.148086476696607e-06j),(3.5471753178655294e-05-3.012262427650245e-05j),(2.5516442284412036e-06-4.481674150048275e-05j),(-2.947906510722592e-05-3.1556255666859415e-05j),(-4.140881498365036e-05-5.493936700819337e-07j),(-2.78467916572029e-05+2.8111752137584357e-05j),(7.167634960321511e-07+3.763836387960393e-05j),(2.5896227171735037e-05+2.447406789250188e-05j),(3.350237731902641e-05-1.0067809103048222e-06j),(2.1664224835193755e-05-2.258199255771526e-05j),(1.8398084069823754e-07-2.8951402552003783e-05j),(-1.7495081503017525e-05-1.9894942811903072e-05j),(-2.354666382678599e-05-4.270040674013615e-06j),(-1.9811943956685916e-05+7.780403562191203e-06j),(-1.4350843401282654e-05+1.1950425652501426e-05j),(-1.3719826379111935e-05+1.022106082700034e-05j),(-1.0714515679397426e-05+4.356367529428124e-06j),(-1.0549929053978059e-05+9.261580133041356e-06j),(-1.9635895023450644e-08-7.472260969023469e-09j),(-3.9527926598520996e-08-1.0870152146685931e-08j),(-1.9635895023450975e-08-7.472260969023624e-09j),(-1.2924359011276869e-05+9.429047916762257e-06j),(-1.8975339628513695e-05-2.880501897508779e-06j),(-1.2898035244853137e-05-1.8241029739394013e-05j),(4.887476449309368e-06-2.4595078660861805e-05j),(2.3324506452652008e-05-1.4624730003989415e-05j),(2.8805667131887808e-05+7.542059619374698e-06j),(1.5210727813097205e-05+2.7995847765949423e-05j),(-1.0633449146833781e-05+3.209945972869639e-05j),(-3.2369963539076056e-05+1.4960563498745521e-05j),(-3.466977545598e-05-1.4061819831917622e-05j),(-1.4025809109273239e-05-3.6483277738014265e-05j),(1.7756872972681275e-05-3.661169680681513e-05j),(4.0340845057969805e-05-1.2500626610904493e-05j),(3.797836895039654e-05+2.1660666724616366e-05j),(1.0452539596192982e-05+4.3933453325525224e-05j),(-2.5721713055996193e-05+3.8802533370676095e-05j),(-4.724504347515001e-05+7.935260755574482e-06j),(-3.910639328405494e-05-2.9892392239253367e-05j),(-4.994917925625019e-06-5.0256384905478395e-05j),(3.412766685274124e-05-3.8906706607423835e-05j),(5.2947092863290164e-05-1.6733865719649057e-06j),(3.8217646142519735e-05+3.8384404711647655e-05j),(-1.9898094053396167e-06+5.5296832420230456e-05j),(-4.262102352637145e-05+3.705250637574755e-05j),(-5.728608930114872e-05-5.956371842571886e-06j),(-3.5424766452841934e-05-4.679732032889993e-05j),(1.0188552401879698e-05-5.8896693455730847e-05j),(5.087441338614777e-05-3.334877011986026e-05j),(6.011219235156138e-05+1.464875303365657e-05j),(3.0840164990445056e-05+5.4814755327958295e-05j),(-1.929930429666131e-05+6.091812729664531e-05j),(-5.8582192368584254e-05+2.7916183084479602e-05j),(-6.130224337072054e-05-2.410236266015878e-05j),(-2.4595811977095127e-05-6.214205348505425e-05j),(2.901988999674536e-05-6.125465113596891e-05j),(5.886881696164857e-05-2.4539575384369897e-05j),(5.687530964353928e-05+2.007371026648598e-05j),(5.3863572784613064e-05+3.906556151343731e-05j),(7.152133764827671e-05+2.6437870762978376e-05j),(7.42264911108585e-05-1.546284145254751e-05j),(5.5026508463844316e-05-5.155485477022746e-05j),(2.0957059818864532e-05-7.2018174612687e-05j),(-1.7609949201526336e-05-7.25165983785382e-05j),(-5.037550225500907e-05-5.456270128046953e-05j),(-6.986085403212364e-05-2.415399565885427e-05j),(-7.283620760447215e-05+1.0548720966607827e-05j),(-6.0326786973245134e-05+4.162752726400249e-05j),(-3.6533800666510635e-05+6.32192054184277e-05j),(-7.227576067290204e-06+7.240071949266572e-05j),(2.1836486859797813e-05+6.916317228380028e-05j),(4.609169193780667e-05+5.57297846694192e-05j),(6.275833094636257e-05+3.556893550604911e-05j),(7.089838558264235e-05+1.2422391286174378e-05j),(7.10824831802643e-05-1.043741884563129e-05j),(6.486621069838158e-05-3.063307144049353e-05j),(5.424967890139349e-05-4.680670837894088e-05j),(4.123647792109637e-05-5.8521721971434945e-05j),(2.7544074160288427e-05-6.603990644413654e-05j),(1.446609824775947e-05-7.0061640216946e-05j),(2.855690112800997e-06-7.149003760217122e-05j),(-6.812709913093359e-06-7.125048650367689e-05j),(-1.434353820614146e-05-7.017274629061843e-05j),(-1.9713185874016593e-05-6.892711012118986e-05j),(-2.297569833126185e-05-6.79988019092489e-05j),(-2.419136363980787e-05-6.768375041076961e-05j),(-2.338223277554549e-05-6.809176544104487e-05j)
"(33,)",(-6.223112671647926e-05-4.4856753830956904e-05j),(-6.373715936548673e-05+3.9385269174463175e-06j),(-4.009069677351692e-05+4.8157540906054884e-05j),(7.368482690586271e-06+6.09973221978509e-05j),(4.840694888383786e-05+3.578240356953218e-05j),(5.800628434879323e-05-1.0374558603308057e-05j),(3.1623284306769986e-05-4.817875189137419e-05j),(-1.291749362637058e-05-5.480291704460501e-05j),(-4.7473009184770306e-05-2.7671025778930236e-05j),(-5.143019614968441e-05+1.4954487348239187e-05j),(-2.3989938996700345e-05+4.6289556492657724e-05j),(1.643617919755626e-05+4.7936178114843624e-05j),(4.462607715628614e-05+2.0654704510377475e-05j),(4.437569027620793e-05-1.730124499538631e-05j),(1.775717553303157e-05-4.2474443826039715e-05j),(-1.746607391838161e-05-4.08132498846371e-05j),(-3.9812993121621396e-05-1.541948369763949e-05j),(-3.7327932982143796e-05+1.680320428905692e-05j),(-1.382124509133134e-05+3.658774867027923e-05j),(1.5090615976049228e-05+3.401986538526396e-05j),(3.265755849114162e-05+1.3260871623596306e-05j),(3.100447802385665e-05-1.1872982662118059e-05j),(1.4297996115764547e-05-2.7590851396511975e-05j),(-6.017194372346221e-06-2.8245206160564445e-05j),(-1.9694989575442966e-05-1.7911012778375534e-05j),(-2.3695310790297434e-05-5.47863713384869e-06j),(-2.1978852457511524e-05+2.107769440731182e-06j),(-2.0192984033356043e-05+2.9518680990081134e-06j),(-2.0076840065597294e-05-1.986025102623013e-06j),(-1.2774566925247748e-05-5.538704501803021e-06j),(-1.6996911545126874e-05-1.050897036477105e-06j),(-1.2924359011276925e-05+9.42904791676224e-06j),(-1.9635895023450975e-08-7.472260969023624e-09j),(-3.952792659852108e-08-1.087015214668587e-08j),(-1.954011016967348e-08-7.435810915515878e-09j),(-1.2924359011276852e-05+9.429047916762264e-06j),(-1.897533962851372e-05-2.8805018975087786e-06j),(-1.2898035244853171e-05-1.824102973939405e-05j),(4.887476449309289e-06-2.4595078660861764e-05j),(2.3324506452652045e-05-1.4624730003989384e-05j),(2.8805667131887828e-05+7.5420596193747125e-06j),(1.5210727813097269e-05+2.799584776594935e-05j),(-1.0633449146833859e-05+3.209945972869639e-05j),(-3.2369963539076015e-05+1.4960563498745631e-05j),(-3.466977545598003e-05-1.4061819831917585e-05j),(-1.4025809109273242e-05-3.6483277738014285e-05j),(1.775687297268127e-05-3.661169680681514e-05j),(4.034084505796972e-05-1.2500626610904581e-05j),(3.797836895039655e-05+2.1660666724616325e-05j),(1.0452539596193119e-05+4.393345332552524e-05j),(-2.5721713055996254e-05+3.8802533370676095e-05j),(-4.724504347515003e-05+7.9352607555746e-06j),(-3.9106393284055e-05-2.989239223925337e-05j),(-4.9949179256249425e-06-5.025638490547838e-05j),(3.4127666852741166e-05-3.8906706607423875e-05j),(5.294709286329017e-05-1.6733865719647231e-06j),(3.8217646142519925e-05+3.838440471164746e-05j),(-1.9898094053395235e-06+5.529683242023038e-05j),(-4.262102352637164e-05+3.705250637574757e-05j),(-5.728608930114882e-05-5.956371842571488e-06j),(-3.542476645284194e-05-4.6797320328899866e-05j),(1.0188552401879821e-05-5.889669345573083e-05j),(5.087441338614783e-05-3.334877011986031e-05j),(6.011219235156145e-05+1.4648753033656513e-05j),(3.084016499044502e-05+5.4814755327958234e-05j),(-1.9299304296661263e-05+6.091812729664523e-05j),(-5.858219236858431e-05+2.7916183084479464e-05j),(-6.130224337072073e-05-2.410236266015896e-05j),(-2.4595811977095445e-05-6.214205348505391e-05j),(2.1954905081511592e-05-5.895230740868639e-05j),(5.278291640955531e-05-2.7484875196810623e-05j),(6.445641981416159e-05-1.25229765570183e-05j),(6.725484530524842e-05-3.374305917828904e-05j),(3.890224226108497e-05-6.389805472238654e-05j),(2.5312239269180958e-08-7.438885580117974e-05j),(-3.7602060860623876e-05-6.371873677013522e-05j),(-6.394601475995784e-05-3.64449692108102e-05j),(-7.323195854675277e-05-9.497065155931386e-07j),(-6.476882620054732e-05+3.3445141591852876e-05j),(-4.2212668421492494e-05+5.9032109816605015e-05j),(-1.1840699363201592e-05+7.129569189153089e-05j),(1.9449504350554592e-05+6.931892784127437e-05j),(4.581397360511685e-05+5.5210575334556555e-05j),(6.346659932428783e-05+3.296236752378806e-05j),(7.095124814044716e-05+7.18014366612414e-06j),(6.883012762055164e-05-1.796896693809924e-05j),(5.903867928068595e-05-3.94140827766768e-05j),(4.4157920050623216e-05-5.542008839930072e-05j),(2.6789982297137298e-05-6.549457823221395e-05j),(9.133498664094711e-06-7.009530235369225e-05j),(-7.224586624967668e-06-7.026813924511935e-05j),(-2.1337654072577308e-05-6.73122493006761e-05j),(-3.280906927083339e-05-6.252595430029112e-05j),(-4.164362852343429e-05-5.70487558144583e-05j),(-4.8088081417499524e-05-5.178888771754514e-05j),(-5.249007075138965e-05-4.7412770905314275e-05j),(-5.518870454469733e-05-4.436989578293711e-05j),(-5.643876783955681e-05-4.292999188861289e-05j),(-5.6364883432491845e-05-4.321533126215516e-05j),(-5.4940853667806264e-05-4.521739403688509e-05j)
"(34,)",(-7.563510412957976e-05-8.253978740229783e-06j),(-5.342779134911829e-05+3.419598199462694e-05j),(-1.1734863532803503e-05+6.111731657002584e-05j),(3.551904117293178e-05+4.9605506390623644e-05j),(5.918728810649655e-05+8.282625320163939e-06j),(4.583033052410027e-05-3.6344462656772976e-05j),(5.2424205003770485e-06-5.6953108103526254e-05j),(-3.665395506492214e-05-4.216224080188653e-05j),(-5.4445471547633024e-05-2.6734030886842377e-06j),(-3.8669012742816756e-05+3.642468447912681e-05j),(-6.460211325795618e-07+5.169702530434525e-05j),(3.5624400873101346e-05+3.54298026157711e-05j),(4.8740888729353176e-05-7.49983331268372e-07j),(3.2541095522364635e-05-3.4202050155051935e-05j),(-1.3906605136041057e-06-4.560659153748943e-05j),(-3.2068159361909796e-05-3.0126555464380268e-05j),(-4.23080941281642e-05+1.0882609148270012e-06j),(-2.835218758786298e-05+2.904956630994909e-05j),(-4.7139799948024025e-07+3.8804881108750614e-05j),(2.4771981744080074e-05+2.7439957387596477e-05j),(3.485845405467376e-05+3.865366925901013e-06j),(2.7598052454756212e-05-1.8318242984604256e-05j),(1.0162889051804512e-05-2.942374116999995e-05j),(-7.2541123542445285e-06-2.8177561652275535e-05j),(-1.8070880056940525e-05-2.0119887956526035e-05j),(-2.179073075863407e-05-1.2367120130469508e-05j),(-2.151601859680318e-05-9.264618107934803e-06j),(-1.948779251890646e-05-1.1588713471628731e-05j),(-1.4760858559390014e-05-1.7737131885975346e-05j),(-5.522622223193934e-06-1.4945803101096196e-05j),(-1.2879230207042182e-05-1.519473738093043e-05j),(-1.897533962851368e-05-2.8805018975087926e-06j),(-1.2924359011276869e-05+9.429047916762257e-06j),(-1.954011016967348e-08-7.435810915515878e-09j),(-3.9527926598520334e-08-1.0870152146685895e-08j),(-1.9413841283251378e-08-7.387760441101593e-09j),(-1.2924359011276837e-05+9.429047916762237e-06j),(-1.8975339628513695e-05-2.8805018975087913e-06j),(-1.2898035244853139e-05-1.8241029739393935e-05j),(4.887476449309351e-06-2.45950786608617e-05j),(2.3324506452652008e-05-1.4624730003989318e-05j),(2.8805667131887716e-05+7.542059619374624e-06j),(1.5210727813097144e-05+2.799584776594933e-05j),(-1.063344914683376e-05+3.209945972869632e-05j),(-3.236996353907592e-05+1.4960563498745579e-05j),(-3.4669775455979895e-05-1.4061819831917583e-05j),(-1.4025809109273134e-05-3.648327773801417e-05j),(1.775687297268117e-05-3.6611696806814986e-05j),(4.03408450579696e-05-1.2500626610904508e-05j),(3.797836895039651e-05+2.166066672461622e-05j),(1.045253959619295e-05+4.3933453325525157e-05j),(-2.5721713055996224e-05+3.8802533370676e-05j),(-4.724504347514993e-05+7.935260755574476e-06j),(-3.9106393284054725e-05-2.9892392239253418e-05j),(-4.9949179256249095e-06-5.025638490547819e-05j),(3.412766685274125e-05-3.8906706607423625e-05j),(5.294709286328996e-05-1.6733865719649482e-06j),(3.8217646142519715e-05+3.838440471164724e-05j),(-1.989809405339702e-06+5.5296832420230355e-05j),(-4.2621023526371305e-05+3.705250637574782e-05j),(-5.7286089301148616e-05-5.956371842571412e-06j),(-3.5424766452841724e-05-4.679732032889975e-05j),(1.0188552401879859e-05-5.889669345573067e-05j),(5.087441338614775e-05-3.3348770119860176e-05j),(6.011219235156119e-05+1.464875303365654e-05j),(3.08401649904448e-05+5.4814755327958024e-05j),(-1.92993042966614e-05+6.0918127296644974e-05j),(-5.858219236858437e-05+2.7916183084479396e-05j),(-6.130224337072047e-05-2.410236266015846e-05j),(-2.7693065179129537e-05-5.549908810013295e-05j),(1.573171202182589e-05-5.654791291606896e-05j),(3.4380213926433086e-05-5.489542667005277e-05j),(2.0989809954728987e-05-7.119539379803751e-05j),(-1.9794818028206094e-05-7.107879584852719e-05j),(-5.349485461415875e-05-5.019868235312235e-05j),(-7.11703638289254e-05-1.6030825748057728e-05j),(-6.940595196475177e-05+2.1184088980379823e-05j),(-5.035925098414616e-05+5.173877159093492e-05j),(-2.0217042906066625e-05+6.895360358891492e-05j),(1.3129208144947183e-05+7.03192832779113e-05j),(4.234365348635748e-05+5.728537459553635e-05j),(6.223724861724373e-05+3.409108895179975e-05j),(7.044175636363805e-05+6.200221924498071e-06j),(6.724452926930286e-05-2.1148194020888817e-05j),(5.486584684969453e-05-4.394563931989541e-05j),(3.651979492973959e-05-5.98667318970263e-05j),(1.5545082997128502e-05-6.823588981214419e-05j),(-5.2209356955904004e-06-6.967341705532481e-05j),(-2.3770371968935435e-05-6.560642798348301e-05j),(-3.898951463349453e-05-5.779527535385579e-05j),(-5.054141996009466e-05-4.796695695174632e-05j),(-5.8656364224667735e-05-3.758860182038451e-05j),(-6.39039473308301e-05-2.77712639585251e-05j),(-6.699395833404519e-05-1.9271125058573176e-05j),(-6.862699335347931e-05-1.2548921330156424e-05j),(-6.939631915318211e-05-7.852894554312028e-06j),(-6.973133805112479e-05-5.299720906812094e-06j),(-6.986924940403135e-05-4.937263013712222e-06j),(-6.984303034813088e-05-6.780331910103277e-06j),(-6.947857259130216e-05-1.0815495508270929e-05j)
"(35,)",(-6.987889674313485e-05+2.8532368026037722e-05j),(-3.1015686846723316e-05+5.488377783378586e-05j),(1.7877474266034758e-05+5.9199610683423264e-05j),(5.401938770735057e-05+2.7501059853415525e-05j),(5.6078797168986266e-05-1.9493867561257464e-05j),(2.4332975739863656e-05-5.275846159171635e-05j),(-2.0563241947768314e-05-5.2950096623643493e-05j),(-5.110837725570405e-05-2.1583616846143456e-05j),(-4.9872519342074255e-05+2.1033573355054074e-05j),(-1.9339401623500067e-05+4.907028921313927e-05j),(2.0833521360672593e-05+4.691098089507585e-05j),(4.663119715286436e-05+1.7709216784051806e-05j),(4.4135684226589155e-05-1.9856800336033196e-05j),(1.6838107062888757e-05-4.3746991376540916e-05j),(-1.7931704009056206e-05-4.161649291508313e-05j),(-4.0303189022694e-05-1.692949017926253e-05j),(-3.939841126631712e-05+1.4758291723868374e-05j),(-1.8275343283126243e-05+3.601556391155759e-05j),(9.774631823121096e-06+3.740417849215331e-05j),(3.015631034334145e-05+2.1253729031700315e-05j),(3.503831499518852e-05-1.8986252552493967e-06j),(2.595756973142373e-05-2.0785501293249334e-05j),(1.0529188118865981e-05-2.9575657123940115e-05j),(-3.382651977721241e-06-2.933431691407035e-05j),(-1.1733014480054828e-05-2.5119883274974488e-05j),(-1.4451861425084086e-05-2.1817416182200537e-05j),(-1.2843681705163462e-05-2.1665646189099062e-05j),(-7.280258429706461e-06-2.3960400872879353e-05j),(2.584855339133674e-06-2.559286318062896e-05j),(7.841529199233696e-06-1.5881995552334563e-05j),(2.4478652256187972e-06-2.2285062986931054e-05j),(-1.289803524485311e-05-1.8241029739393982e-05j),(-1.8975339628513695e-05-2.880501897508779e-06j),(-1.2924359011276852e-05+9.429047916762264e-06j),(-1.9413841283251378e-08-7.387760441101593e-09j),(-3.952792659851997e-08-1.0870152146685617e-08j),(-1.9540110169666566e-08-7.435810915516641e-09j),(-1.292435901127686e-05+9.429047916762244e-06j),(-1.8975339628513654e-05-2.8805018975087396e-06j),(-1.2898035244853096e-05-1.8241029739393975e-05j),(4.887476449309373e-06-2.4595078660861703e-05j),(2.3324506452651937e-05-1.4624730003989355e-05j),(2.8805667131887716e-05+7.542059619374692e-06j),(1.5210727813097227e-05+2.7995847765949274e-05j),(-1.0633449146833747e-05+3.209945972869632e-05j),(-3.236996353907594e-05+1.4960563498745552e-05j),(-3.466977545597988e-05-1.4061819831917616e-05j),(-1.4025809109273203e-05-3.64832777380141e-05j),(1.7756872972681157e-05-3.661169680681497e-05j),(4.03408450579696e-05-1.2500626610904598e-05j),(3.797836895039644e-05+2.1660666724616342e-05j),(1.0452539596192995e-05+4.393345332552519e-05j),(-2.5721713055996227e-05+3.880253337067601e-05j),(-4.724504347514989e-05+7.93526075557434e-06j),(-3.910639328405473e-05-2.9892392239253357e-05j),(-4.99491792562474e-06-5.025638490547821e-05j),(3.412766685274101e-05-3.8906706607423706e-05j),(5.2947092863289784e-05-1.673386571964914e-06j),(3.821764614251966e-05+3.83844047116475e-05j),(-1.989809405339347e-06+5.5296832420230436e-05j),(-4.262102352637124e-05+3.705250637574776e-05j),(-5.728608930114858e-05-5.9563718425715266e-06j),(-3.5424766452841656e-05-4.679732032889982e-05j),(1.0188552401879947e-05-5.8896693455730704e-05j),(5.087441338614776e-05-3.334877011986009e-05j),(6.011219235156108e-05+1.4648753033656584e-05j),(3.084016499044474e-05+5.481475532795808e-05j),(-1.9299304296661446e-05+6.091812729664517e-05j),(-5.858219236858395e-05+2.7916183084479633e-05j),(-5.860008490063367e-05-1.739956782724264e-05j),(-3.0150352101747516e-05-4.9394398572148696e-05j),(-1.6411004377937184e-05-6.172712056588684e-05j),(-3.7149358519780446e-05-6.306212815697574e-05j),(-6.449840210746467e-05-3.3640466759180036e-05j),(-7.216848762313221e-05+4.609233090063297e-06j),(-5.957409929778891e-05+4.0266524689645705e-05j),(-3.1789398030398595e-05+6.406306834439918e-05j),(2.810700491482811e-06+7.109350619175002e-05j),(3.536848170440605e-05+6.133747742135742e-05j),(5.888782356114645e-05+3.8730648049861085e-05j),(6.955397526674558e-05+9.402133153619525e-06j),(6.692740360310027e-05-2.022312548135562e-05j),(5.326210523364129e-05-4.4914890049886356e-05j),(3.2370263000253774e-05-6.145091367630362e-05j),(8.449880559805165e-06-6.87490426322908e-05j),(-1.4830300201937365e-05-6.749530441359334e-05j),(-3.485729436301455e-05-5.951610381492172e-05j),(-5.022218944963712e-05-4.7121632759208635e-05j),(-6.058842660259702e-05-3.2574233465086995e-05j),(-6.640784033192631e-05-1.774998717554583e-05j),(-6.859833406454555e-05-3.99224305020726e-06j),(-6.826074083193798e-05+7.885746267715961e-06j),(-6.647230778455248e-05+1.7506299064019254e-05j),(-6.416203325036408e-05+2.4793331607828034e-05j),(-6.205320876421121e-05+2.983716588358303e-05j),(-6.065022483157883e-05+3.278060621492841e-05j),(-6.024674199621604e-05+3.3736263260420764e-05j),(-6.093714067631421e-05+3.273759107649998e-05j),(-6.26200796954523e-05+2.972323527372406e-05j),(-6.499058409632368e-05+2.4554518021187434e-05j)
"(36,)",(-4.869383338512453e-05+5.691217294431978e-05j),(-3.093267296895009e-06+6.260566641832116e-05j),(4.2044866983427784e-05+4.4858911784711246e-05j),(6.0252877733690755e-05+1.0182144225479306e-06j),(4.1863909113734545e-05-4.159986453342555e-05j),(-4.954239921164994e-07-5.774911970852356e-05j),(-4.063623347781173e-05-3.9197031037591914e-05j),(-5.512567605180417e-05+1.3679303885141509e-06j),(-3.694254325847919e-05+3.910922176063105e-05j),(1.493353526394863e-06+5.240499767162869e-05j),(3.694026245327292e-05+3.519842745585222e-05j),(4.9587154737370654e-05-7.225538545017164e-07j),(3.407727312163198e-05-3.3986742306243914e-05j),(1.1652335812711084e-06-4.66176040551137e-05j),(-2.9980426093360144e-05-3.369593745736275e-05j),(-4.3305685375049635e-05-4.507031148955769e-06j),(-3.411768868958254e-05+2.4397707860894778e-05j),(-9.802753507668011e-06+3.9105813817800725e-05j),(1.619520104563753e-05+3.5102184914278704e-05j),(3.251537612784271e-05+1.760126076197623e-05j),(3.5097482655903566e-05-3.451726822450349e-06j),(2.7175119676413395e-05-1.9666259602246534e-05j),(1.5401703257219864e-05-2.7851056749713508e-05j),(5.509974443973734e-06-2.9656394152458703e-05j),(2.609702001117077e-07-2.868454902365523e-05j),(4.203428230536662e-08-2.7604189768246434e-05j),(4.384885345477948e-06-2.677535440923036e-05j),(1.2452943304725886e-05-2.434457588375219e-05j),(2.2116458355024125e-05-1.7415746018685614e-05j),(1.847756495178222e-05-5.660214952628872e-06j),(1.9685873173952876e-05-1.4846864782629839e-05j),(4.8874764493093566e-06-2.4595078660861727e-05j),(-1.2898035244853137e-05-1.8241029739394013e-05j),(-1.897533962851372e-05-2.8805018975087786e-06j),(-1.2924359011276837e-05+9.429047916762237e-06j),(-1.9540110169666566e-08-7.435810915516641e-09j),(-3.95279265985206e-08-1.0870152146686184e-08j),(-1.9635895023451236e-08-7.472260969023818e-09j),(-1.2924359011276837e-05+9.429047916762252e-06j),(-1.8975339628513695e-05-2.8805018975088176e-06j),(-1.2898035244853088e-05-1.8241029739394033e-05j),(4.887476449309331e-06-2.4595078660861703e-05j),(2.332450645265203e-05-1.4624730003989293e-05j),(2.8805667131887767e-05+7.5420596193746625e-06j),(1.5210727813097216e-05+2.7995847765949332e-05j),(-1.0633449146833815e-05+3.209945972869634e-05j),(-3.2369963539075995e-05+1.49605634987455e-05j),(-3.4669775455979895e-05-1.4061819831917572e-05j),(-1.402580910927317e-05-3.648327773801416e-05j),(1.775687297268114e-05-3.661169680681506e-05j),(4.034084505796971e-05-1.2500626610904442e-05j),(3.797836895039652e-05+2.166066672461639e-05j),(1.0452539596192948e-05+4.393345332552526e-05j),(-2.5721713055996366e-05+3.8802533370675885e-05j),(-4.724504347514994e-05+7.93526075557435e-06j),(-3.910639328405463e-05-2.9892392239253557e-05j),(-4.994917925624879e-06-5.025638490547816e-05j),(3.412766685274103e-05-3.890670660742362e-05j),(5.2947092863290015e-05-1.6733865719646952e-06j),(3.821764614251997e-05+3.8384404711647364e-05j),(-1.9898094053393728e-06+5.529683242023045e-05j),(-4.262102352637142e-05+3.7052506375747754e-05j),(-5.7286089301148683e-05-5.956371842571626e-06j),(-3.5424766452841676e-05-4.679732032889995e-05j),(1.0188552401880003e-05-5.8896693455730704e-05j),(5.087441338614772e-05-3.334877011986001e-05j),(6.01121923515611e-05+1.4648753033656708e-05j),(3.0840164990444676e-05+5.4814755327958336e-05j),(-1.9299304296661232e-05+6.091812729664506e-05j),(-5.193637756945562e-05+3.047926720031094e-05j),(-5.585547937415052e-05-1.1520038859696558e-05j),(-5.550262602191074e-05-2.9716459381460573e-05j),(-7.041257542478133e-05-1.5701261166007133e-05j),(-6.764265657894565e-05+2.374662796747802e-05j),(-4.534293656871867e-05+5.4968246721403276e-05j),(-1.1337141188588702e-05+6.993025319908539e-05j),(2.435404144185366e-05+6.610815216783672e-05j),(5.2669744743828436e-05+4.623229332988925e-05j),(6.773446453253275e-05+1.6592033124586488e-05j),(6.771842846670102e-05-1.5261530247078404e-05j),(5.442795732377396e-05-4.260946440272771e-05j),(3.207167783909887e-05-6.093074406109029e-05j),(5.758887821968778e-06-6.83750086221415e-05j),(-1.980450073976971e-05-6.547728238735857e-05j),(-4.115584023975127e-05-5.4414405119453064e-05j),(-5.639439603829709e-05-3.812728392645623e-05j),(-6.507525609563559e-05-1.955846647737344e-05j),(-6.784753737636917e-05-1.1385398796387743e-06j),(-6.600678899190086e-05+1.5453728284289672e-05j),(-6.108802007480694e-05+2.9306091931513614e-05j),(-5.456748193352286e-05+4.0143132506731165e-05j),(-4.768981985376463e-05+4.8132091921089975e-05j),(-4.140295555547265e-05+5.368447657292811e-05j),(-3.636714434018577e-05+5.7288432867812705e-05j),(-3.300267472261516e-05+5.9385029749840986e-05j),(-3.154660793232479e-05+6.028719946223123e-05j),(-3.2097687363258496e-05+6.0133625637235386e-05j),(-3.463702738421825e-05+5.8869753413174975e-05j),(-3.901942877620734e-05+5.6252045307130554e-05j),(-4.493666501670704e-05+5.1877293957191e-05j)
"(37,)",(-1.873729170375595e-05+7.194893709953787e-05j),(2.3821014237629597e-05+5.762913896045501e-05j),(5.6731807274850655e-05+2.2855682400257653e-05j),(5.496119015319799e-05-2.393478618274724e-05j),(2.116672881831091e-05-5.476091458972357e-05j),(-2.340337478509743e-05-5.246681917724087e-05j),(-5.244571429205593e-05-2.010507324738162e-05j),(-5.01976763702561e-05+2.213389203352098e-05j),(-1.9784906271999607e-05+4.973918467417646e-05j),(1.9984970998161467e-05+4.8193590656800635e-05j),(4.65349587636276e-05+2.035010564503939e-05j),(4.645869388751218e-05-1.6733351707852824e-05j),(2.197776312723382e-05-4.2609278748299275e-05j),(-1.2017898714112443e-05-4.489877835201913e-05j),(-3.749911069046117e-05-2.485504595766752e-05j),(-4.3152227214896274e-05+5.25822830545079e-06j),(-2.903765379616073e-05+3.024764113234271e-05j),(-4.3827301685772315e-06+4.012684030794036e-05j),(1.8950789249827595e-05+3.3835692764661334e-05j),(3.2820255239888044e-05+1.7471689997615474e-05j),(3.5565884304041894e-05-6.589730764919559e-07j),(3.067960214449999e-05-1.4588407088362674e-05j),(2.3397006874454812e-05-2.2445309288658862e-05j),(1.782469812313717e-05-2.5382365694410817e-05j),(1.59310269865911e-05-2.5300924742610684e-05j),(1.7931166797819058e-05-2.3087746827529026e-05j),(2.2777747666201936e-05-1.8137126308945693e-05j),(2.8089741403563554e-05-9.132597411739712e-06j),(3.0096857987450616e-05+4.265938375750324e-06j),(1.807091056624164e-05+1.0322170927261918e-05j),(2.6315141154565946e-05+4.52822027228389e-06j),(2.3324506452652066e-05-1.4624730003989365e-05j),(4.887476449309368e-06-2.4595078660861805e-05j),(-1.2898035244853171e-05-1.824102973939405e-05j),(-1.8975339628513695e-05-2.8805018975087913e-06j),(-1.292435901127686e-05+9.429047916762244e-06j),(-1.9635895023451236e-08-7.472260969023818e-09j),(-3.952792659852069e-08-1.0870152146686087e-08j),(-1.9540110169669587e-08-7.435810915515753e-09j),(-1.292435901127691e-05+9.429047916762225e-06j),(-1.8975339628513718e-05-2.8805018975088536e-06j),(-1.2898035244853113e-05-1.824102973939401e-05j),(4.887476449309428e-06-2.4595078660861744e-05j),(2.332450645265205e-05-1.462473000398935e-05j),(2.88056671318878e-05+7.54205961937469e-06j),(1.5210727813097203e-05+2.7995847765949393e-05j),(-1.0633449146833883e-05+3.209945972869634e-05j),(-3.236996353907598e-05+1.4960563498745548e-05j),(-3.4669775455979916e-05-1.4061819831917638e-05j),(-1.4025809109273239e-05-3.6483277738014204e-05j),(1.7756872972681306e-05-3.661169680681505e-05j),(4.0340845057969784e-05-1.25006266109045e-05j),(3.7978368950396576e-05+2.1660666724616447e-05j),(1.0452539596192817e-05+4.3933453325525285e-05j),(-2.5721713055996373e-05+3.880253337067593e-05j),(-4.724504347514999e-05+7.935260755574135e-06j),(-3.910639328405473e-05-2.9892392239253448e-05j),(-4.9949179256248595e-06-5.025638490547813e-05j),(3.412766685274131e-05-3.890670660742365e-05j),(5.294709286329014e-05-1.6733865719650429e-06j),(3.821764614251999e-05+3.838440471164738e-05j),(-1.989809405339561e-06+5.5296832420230504e-05j),(-4.2621023526371576e-05+3.705250637574767e-05j),(-5.728608930114878e-05-5.956371842571756e-06j),(-3.54247664528416e-05-4.679732032890007e-05j),(1.0188552401880114e-05-5.889669345573068e-05j),(5.0874413386147925e-05-3.3348770119859925e-05j),(6.0112192351561325e-05+1.4648753033656936e-05j),(3.084016499044485e-05+5.4814755327958085e-05j),(-1.2984848902767831e-05+5.785691434527033e-05j),(-4.585516111526086e-05+3.2458340378575084e-05j),(-5.8726587019126335e-05+1.9971175142899643e-05j),(-5.867832458644348e-05+4.011073818943728e-05j),(-2.846467649669231e-05+6.462903889299873e-05j),(8.917467861726023e-06+6.961286961172928e-05j),(4.2483453903452645e-05+5.5337897623184145e-05j),(6.37688089170369e-05+2.7309184279250275e-05j),(6.872121313684972e-05-6.195223246142509e-06j),(5.7930526187929846e-05-3.6844398270006237e-05j),(3.553215969182918e-05-5.837161542082398e-05j),(7.436226879756873e-06-6.763701934490367e-05j),(-2.0446123503469045e-05-6.462469791306062e-05j),(-4.350302528651075e-05-5.167522724671808e-05j),(-5.905152447185364e-05-3.237846287503622e-05j),(-6.6345930880722e-05-1.0509237628894217e-05j),(-6.616350852558697e-05+1.0749694419349412e-05j),(-6.0207125134566434e-05+2.9211659962985325e-05j),(-5.052486691253347e-05+4.3755524635224e-05j),(-3.9068513940708993e-05+5.416618035564522e-05j),(-2.743338479808306e-05+6.086491647911622e-05j),(-1.676380430529339e-05+6.462612441520775e-05j),(-7.77809510468649e-06+6.633960827300676e-05j),(-8.603342352685709e-07+6.684193257412166e-05j),(3.825896272154675e-06+6.681436562147408e-05j),(6.232895860945265e-06+6.673118098771915e-05j),(6.351526146675508e-06+6.683850091894277e-05j),(4.170047809436258e-06+6.714722250406078e-05j),(-3.27378555968362e-07+6.743082237822995e-05j),(-7.121960196382103e-06+6.722780757872451e-05j),(-1.60836603547903e-05+6.58577309891899e-05j)
"(38,)",(1.279461647795374e-05+7.270861241540202e-05j),(4.48699506883382e-05+4.2890335243967004e-05j),(6.086350918517055e-05-1.5243009031086194e-06j),(4.1145900921029625e-05-4.322068327410595e-05j),(-1.2142730352516078e-06-5.843330320425389e-05j),(-4.097105686258444e-05-3.991085329265641e-05j),(-5.5927023911043266e-05+5.440720901155665e-08j),(-3.925979223440992e-05+3.799591489849982e-05j),(-2.1206087225656865e-06+5.3279291502042844e-05j),(3.408234901866731e-05+3.925358396764735e-05j),(5.032236004369095e-05+5.536549789710232e-06j),(3.989641781139224e-05-2.88664402056612e-05j),(1.0486250603379685e-05-4.667666329822509e-05j),(-2.172975632868719e-05-4.101325245579023e-05j),(-4.15183348302841e-05-1.7271049310556968e-05j),(-4.190594657352052e-05+1.1672303641000982e-05j),(-2.585648359212145e-05+3.3119588650713154e-05j),(-2.5940886644127298e-06+4.043549561317546e-05j),(1.8255876559550927e-05+3.447290584002282e-05j),(3.108614006894392e-05+2.096308613981509e-05j),(3.541516766550843e-05+6.412979249324817e-06j),(3.419191199686429e-05-4.854874547713899e-06j),(3.1184693691930746e-05-1.137047815079663e-05j),(2.911595118323352e-05-1.3446571627625933e-05j),(2.9016190568430483e-05-1.1715119060700373e-05j),(3.0292800515533192e-05-6.344737184648771e-06j),(3.095515899547432e-05+2.6944352465836016e-06j),(2.805897712231527e-05+1.4567981303542263e-05j),(1.8860656889207463e-05+2.6463718087561934e-05j),(5.163644468458101e-06+2.158769032747267e-05j),(1.5744112797219275e-05+2.3873279493852768e-05j),(2.880566713188778e-05+7.542059619374628e-06j),(2.3324506452652008e-05-1.4624730003989415e-05j),(4.887476449309289e-06-2.4595078660861764e-05j),(-1.2898035244853139e-05-1.8241029739393935e-05j),(-1.8975339628513654e-05-2.8805018975087396e-06j),(-1.2924359011276837e-05+9.429047916762252e-06j),(-1.9540110169669587e-08-7.435810915515753e-09j),(-3.9527926598520844e-08-1.0870152146685344e-08j),(-1.9320205392820145e-08-7.352128156017136e-09j),(-1.2924359011276965e-05+9.429047916762284e-06j),(-1.8975339628513793e-05-2.880501897508791e-06j),(-1.2898035244853166e-05-1.8241029739394124e-05j),(4.887476449309355e-06-2.459507866086187e-05j),(2.3324506452652137e-05-1.4624730003989465e-05j),(2.8805667131887947e-05+7.542059619374712e-06j),(1.5210727813097284e-05+2.7995847765949518e-05j),(-1.0633449146833805e-05+3.209945972869651e-05j),(-3.236996353907611e-05+1.496056349874565e-05j),(-3.4669775455980146e-05-1.4061819831917585e-05j),(-1.4025809109273263e-05-3.648327773801442e-05j),(1.775687297268132e-05-3.661169680681531e-05j),(4.034084505797e-05-1.250062661090461e-05j),(3.797836895039669e-05+2.1660666724616576e-05j),(1.0452539596192954e-05+4.3933453325525475e-05j),(-2.5721713055996606e-05+3.880253337067606e-05j),(-4.724504347515014e-05+7.935260755574445e-06j),(-3.910639328405487e-05-2.9892392239253424e-05j),(-4.9949179256247935e-06-5.025638490547852e-05j),(3.412766685274121e-05-3.8906706607424126e-05j),(5.2947092863290327e-05-1.673386571965135e-06j),(3.821764614252013e-05+3.838440471164762e-05j),(-1.9898094053395896e-06+5.5296832420230795e-05j),(-4.2621023526371813e-05+3.70525063757479e-05j),(-5.728608930114903e-05-5.956371842571784e-06j),(-3.542476645284178e-05-4.679732032890021e-05j),(1.0188552401880165e-05-5.889669345573093e-05j),(5.087441338614832e-05-3.334877011986015e-05j),(6.011219235156149e-05+1.4648753033656526e-05j),(3.2881473409451274e-05+4.8212973101097746e-05j),(-7.4703378755519865e-06+5.480990421203621e-05j),(-2.511122704409525e-05+5.568784356742347e-05j),(-1.0612030528922056e-05+6.918787541337956e-05j),(2.7293220886285677e-05+6.395282353008439e-05j),(5.597336445499913e-05+4.0502707042057503e-05j),(6.832080008719833e-05+6.914234378304477e-06j),(6.266449362681279e-05-2.709885637163932e-05j),(4.223029615026278e-05-5.317120831012563e-05j),(1.3322933974174632e-05-6.622943659708413e-05j),(-1.691414990770108e-05-6.507696994344635e-05j),(-4.240769177452026e-05-5.180787030777414e-05j),(-5.9292956970283156e-05-3.0534796388082185e-05j),(-6.619811133573073e-05-5.971357858646992e-06j),(-6.385939520199663e-05+1.7718282897381135e-05j),(-5.437619674036748e-05+3.759789652796439e-05j),(-4.0406779471597394e-05+5.2156966297885166e-05j),(-2.4514903215358133e-05+6.114711143984321e-05j),(-8.76273806067466e-06+6.522397607102019e-05j),(5.45069926424716e-06+6.554559073740441e-05j),(1.7363908492960456e-05+6.342893974609152e-05j),(2.6717327390883485e-05+6.011121400674781e-05j),(3.357684847557221e-05+5.661843127985345e-05j),(3.816442737307817e-05+5.3718190831991244e-05j),(4.072152094382293e-05+5.1923816684044194e-05j),(4.141432620507853e-05+5.151888753993247e-05j),(4.028069165686133e-05+5.257876951472075e-05j),(3.721624243602548e-05+5.4975501018038554e-05j),(3.199919007914898e-05+5.836249901339175e-05j),(2.4356326679305455e-05+6.214578964131557e-05j),(1.4073504171142857e-05+6.54589201704362e-05j)
"(39,)",(4.003490167000388e-05+6.144049200217667e-05j),(5.7551777620103406e-05+2.2581646961124365e-05j),(5.5750932503874926e-05-2.386306964216899e-05j),(2.2705004811453333e-05-5.493840406365677e-05j),(-2.149597111734221e-05-5.411597252822135e-05j),(-5.1857807856815645e-05-2.3644869315466264e-05j),(-5.271110365160935e-05+1.8123990995086365e-05j),(-2.5515748927099626e-05+4.812029600156507e-05j),(1.348637888289509e-05+5.143536029563984e-05j),(4.338252568562988e-05+2.8418980932119306e-05j),(5.001446796191015e-05-7.2080216939373e-06j),(3.2363397714209746e-05-3.7033082074514e-05j),(1.2051038572523894e-06-4.7799143730111066e-05j),(-2.801630119937519e-05-3.7024926533480334e-05j),(-4.334306264384317e-05-1.2211475473656421e-05j),(-4.106948793950303e-05+1.468789031635645e-05j),(-2.542841683505508e-05+3.366826333706895e-05j),(-4.5999909806796574e-06+4.049856851441302e-05j),(1.3956893383210539e-05+3.676500228559409e-05j),(2.6327037783444132e-05+2.7269713114992986e-05j),(3.234239575845869e-05+1.6974401450187902e-05j),(3.4028182964067474e-05+9.169892134010499e-06j),(3.372435820321283e-05+5.251182905816766e-06j),(3.2841763285363496e-05+5.421950219445655e-06j),(3.1420450092958185e-05+9.383387078805364e-06j),(2.8257209411182006e-05+1.6435516598659742e-05j),(2.1485589831756084e-05+2.5009033270545892e-05j),(9.683602594009217e-06+3.2161567871671994e-05j),(-6.6305927418414835e-06+3.3829121615381175e-05j),(-1.293312208635075e-05+1.9620625675996827e-05j),(-7.0677050174447406e-06+2.953866828573258e-05j),(1.5210727813097183e-05+2.799584776594938e-05j),(2.8805667131887808e-05+7.542059619374698e-06j),(2.3324506452652045e-05-1.4624730003989384e-05j),(4.887476449309351e-06-2.45950786608617e-05j),(-1.2898035244853096e-05-1.8241029739393975e-05j),(-1.8975339628513695e-05-2.8805018975088176e-06j),(-1.292435901127691e-05+9.429047916762225e-06j),(-1.9320205392820145e-08-7.352128156017136e-09j),(-3.9527926598520275e-08-1.087015214668602e-08j),(-1.9351316834665764e-08-7.363967331790233e-09j),(-1.2924359011276743e-05+9.429047916762198e-06j),(-1.8975339628513576e-05-2.8805018975087667e-06j),(-1.2898035244853095e-05-1.824102973939385e-05j),(4.8874764493092405e-06-2.4595078660861588e-05j),(2.3324506452651835e-05-1.4624730003989315e-05j),(2.8805667131887598e-05+7.542059619374585e-06j),(1.5210727813097188e-05+2.7995847765949095e-05j),(-1.063344914683363e-05+3.209945972869614e-05j),(-3.236996353907569e-05+1.496056349874561e-05j),(-3.4669775455979746e-05-1.4061819831917441e-05j),(-1.4025809109273224e-05-3.648327773801398e-05j),(1.7756872972681062e-05-3.6611696806814904e-05j),(4.034084505796947e-05-1.2500626610904403e-05j),(3.797836895039627e-05+2.1660666724616237e-05j),(1.0452539596192731e-05+4.393345332552499e-05j),(-2.5721713055996034e-05+3.880253337067571e-05j),(-4.7245043475149464e-05+7.935260755574413e-06j),(-3.910639328405453e-05-2.9892392239253238e-05j),(-4.994917925625235e-06-5.0256384905477934e-05j),(3.4127666852740664e-05-3.890670660742374e-05j),(5.294709286328974e-05-1.6733865719651212e-06j),(3.8217646142519755e-05+3.8384404711647133e-05j),(-1.989809405339424e-06+5.52968324202302e-05j),(-4.2621023526371204e-05+3.705250637574753e-05j),(-5.728608930114824e-05-5.956371842571569e-06j),(-3.5424766452841344e-05-4.67973203288996e-05j),(1.0188552401880087e-05-5.889669345573046e-05j),(5.087441338614726e-05-3.334877011986004e-05j),(5.673494194529027e-05+8.74521822644937e-06j),(3.439579447689983e-05+4.219657177398472e-05j),(2.3180069377582867e-05+5.548371955528658e-05j),(4.261083134454741e-05+5.41429440093864e-05j),(6.429825875593758e-05+2.3417212432140085e-05j),(6.675287012122223e-05-1.286815344779662e-05j),(5.1054357728635115e-05-4.42432375939668e-05j),(2.304885415587141e-05-6.307907105712288e-05j),(-9.1713245570238e-06-6.615281721854888e-05j),(-3.785984580970102e-05-5.4599026497499416e-05j),(-5.749094574370414e-05-3.267227222756496e-05j),(-6.556868792359756e-05-5.996581394737316e-06j),(-6.244578094330891e-05+2.0065138842938698e-05j),(-5.049450048345896e-05+4.151712682276897e-05j),(-3.304768043046751e-05+5.6186597584221595e-05j),(-1.3452195953891569e-05+6.362598599591901e-05j),(5.571769392667938e-06+6.467388164456807e-05j),(2.222197760905131e-05+6.0899644124253996e-05j),(3.561696371165994e-05+5.4101943961462445e-05j),(4.5618241268781506e-05+4.5952069248121726e-05j),(5.2578711223845934e-05+3.7801624134836274e-05j),(5.709585168420809e-05+3.062759376607095e-05j),(5.9812460613419974e-05+2.506748297703559e-05j),(6.127754112341099e-05+2.149660820216923e-05j),(6.186107824790185e-05+2.0109427185194658e-05j),(6.170913522792315e-05+2.0979455193576558e-05j),(6.072721886138356e-05+2.4083592460104942e-05j),(5.8586757038610935e-05+2.9285574362170023e-05j),(5.475848456752088e-05+3.62809894562489e-05j),(4.858440077622732e-05+4.451502397478765e-05j),(3.940337310148718e-05+5.309539134699371e-05j)
"(40,)",(5.942352288527616e-05+4.2179650047634594e-05j),(6.160864046336592e-05+8.492549687878187e-07j),(4.409036920188616e-05-4.1348850695206875e-05j),(3.2805385758858745e-06-5.9169813331830564e-05j),(-3.7445239165404676e-05-4.4370178904994894e-05j),(-5.643136611359518e-05-6.810432537137259e-06j),(-4.519242930031688e-05+3.239840500726873e-05j),(-1.1630549491454222e-05+5.309532916999159e-05j),(2.5780798558308594e-05+4.64057388080268e-05j),(4.860324923079877e-05+1.792137065566164e-05j),(4.7567641598110476e-05-1.6964984412282554e-05j),(2.5701059489583212e-05-4.1939395529394853e-05j),(-5.1443388644407066e-06-4.7582511470374306e-05j),(-3.136319628724561e-05-3.4356537209430966e-05j),(-4.398374074934334e-05-1.0272131896125917e-05j),(-4.13761667478769e-05+1.438912797689882e-05j),(-2.7904535016516373e-05+3.197776567814856e-05j),(-1.032064645306082e-05+3.975898027037422e-05j),(5.675549991324392e-06+3.931907171225745e-05j),(1.7142722360152007e-05+3.437777760702688e-05j),(2.3722882326125283e-05+2.8631538374224627e-05j),(2.642113639390947e-05+2.4584085753083976e-05j),(2.6328149656411717e-05+2.3377519207387516e-05j),(2.3857639122392066e-05+2.5074912558020985e-05j),(1.8621219108062826e-05+2.8856095602273364e-05j),(9.872520642632918e-06+3.296817139061541e-05j),(-2.5913530955213556e-06+3.470721051491825e-05j),(-1.735202465922557e-05+3.093001677074298e-05j),(-3.0731796942976917e-05+1.940216808829321e-05j),(-2.4376657551256346e-05+4.186137865465204e-06j),(-2.784756224280534e-05+1.5860959812027492e-05j),(-1.0633449146833886e-05+3.209945972869634e-05j),(1.5210727813097205e-05+2.7995847765949423e-05j),(2.8805667131887828e-05+7.5420596193747125e-06j),(2.3324506452652008e-05-1.4624730003989318e-05j),(4.887476449309373e-06-2.4595078660861703e-05j),(-1.2898035244853088e-05-1.8241029739394033e-05j),(-1.8975339628513718e-05-2.8805018975088536e-06j),(-1.2924359011276965e-05+9.429047916762284e-06j),(-1.9351316834665764e-08-7.363967331790233e-09j),(-3.952792659852378e-08-1.0870152146683603e-08j),(-1.957193445333012e-08-7.447921356749637e-09j),(-1.2924359011276911e-05+9.429047916762267e-06j),(-1.897533962851375e-05-2.8805018975087667e-06j),(-1.2898035244853193e-05-1.8241029739394023e-05j),(4.887476449309333e-06-2.4595078660861798e-05j),(2.3324506452652072e-05-1.4624730003989398e-05j),(2.8805667131887835e-05+7.542059619374622e-06j),(1.5210727813097296e-05+2.7995847765949352e-05j),(-1.0633449146833701e-05+3.209945972869645e-05j),(-3.236996353907605e-05+1.4960563498745626e-05j),(-3.466977545598007e-05-1.4061819831917602e-05j),(-1.4025809109273278e-05-3.6483277738014346e-05j),(1.7756872972681353e-05-3.6611696806815135e-05j),(4.0340845057969845e-05-1.2500626610904502e-05j),(3.797836895039655e-05+2.1660666724616586e-05j),(1.0452539596193022e-05+4.3933453325525265e-05j),(-2.5721713055996217e-05+3.8802533370675946e-05j),(-4.724504347515006e-05+7.935260755574328e-06j),(-3.910639328405506e-05-2.9892392239253286e-05j),(-4.9949179256252026e-06-5.025638490547835e-05j),(3.4127666852741125e-05-3.890670660742398e-05j),(5.294709286329025e-05-1.6733865719649692e-06j),(3.821764614252004e-05+3.838440471164761e-05j),(-1.9898094053396082e-06+5.529683242023065e-05j),(-4.2621023526371597e-05+3.705250637574768e-05j),(-5.728608930114877e-05-5.956371842571825e-06j),(-3.54247664528417e-05-4.679732032890028e-05j),(1.0188552401879855e-05-5.889669345573078e-05j),(4.436248641930961e-05-3.4884804405473255e-05j),(5.3425177271127943e-05+3.6137631583988322e-06j),(5.545613434747513e-05+2.0601560123890457e-05j),(6.753900188503899e-05+5.761321746547904e-06j),(6.0046136801862475e-05-3.041148840841538e-05j),(3.5722401797629376e-05-5.651133625251026e-05j),(2.8000668710004628e-06-6.636800658038236e-05j),(-2.9398810218288594e-05-5.911910951461572e-05j),(-5.324759420798241e-05-3.8404350692999895e-05j),(-6.44661187491216e-05-1.0456789895216133e-05j),(-6.243989219619064e-05+1.8050615589600384e-05j),(-4.948135329447039e-05+4.171243288424506e-05j),(-2.9546488184177424e-05+5.7302829312266484e-05j),(-6.920484889037741e-06+6.388707540450358e-05j),(1.4772958764508639e-05+6.235891984295184e-05j),(3.3095407177502985e-05+5.471335474526077e-05j),(4.688473221696088e-05+4.332613552443504e-05j),(5.604867054018159e-05+3.0409521707404582e-05j),(6.12197748917128e-05+1.7703948755505314e-05j),(6.340106704973546e-05+6.383499197191894e-06j),(6.367965906360207e-05-2.8889157375387437e-06j),(6.303546325773988e-05-9.8284026397136e-06j),(6.223684605153111e-05-1.4375596394850238e-05j),(6.17975160705112e-05-1.656319963574176e-05j),(6.196582502262946e-05-1.6421801934628794e-05j),(6.272382071859336e-05-1.393338573409253e-05j),(6.37843609500303e-05-9.035254679315645e-06j),(6.458747692972309e-05-1.6749038482528851e-06j),(6.431010896219944e-05+8.086300906698879e-06j),(6.191429328123651e-05+1.9929705606800902e-05j),(5.6264486958835494e-05+3.311903322187876e-05j)
"(41,)",(6.981336899178774e-05+1.934062874536104e-05j),(5.840695431676644e-05-1.9082736354752663e-05j),(2.8956135954975415e-05-5.2881421565242584e-05j),(-1.4439055485362436e-05-5.7330060691796025e-05j),(-4.834603233285547e-05-3.1925599819579975e-05j),(-5.611277516377851e-05+8.393630587859989e-06j),(-3.576323704871257e-05+4.247209648135748e-05j),(6.181854073732253e-07+5.429283930177426e-05j),(3.456376851346439e-05+4.025185338775516e-05j),(5.097761035328508e-05+9.200387535801726e-06j),(4.4684083788810926e-05-2.3602856359892123e-05j),(2.106589323143996e-05-4.4524968546024926e-05j),(-8.362904607351573e-06-4.723420005974846e-05j),(-3.220686879767284e-05-3.377849067858864e-05j),(-4.38464639039574e-05-1.1652347827601051e-05j),(-4.273954480633574e-05+1.0712707327879355e-05j),(-3.274720000981915e-05+2.7493202176427705e-05j),(-1.9206809989574865e-05+3.675315886575389e-05j),(-6.515474486557894e-06+3.968405419931054e-05j),(2.893550095872755e-06+3.892199471456717e-05j),(8.309748236007536e-06+3.703765997835869e-05j),(9.915177098365569e-06+3.5709141002270664e-05j),(8.028425854803701e-06+3.54964072896288e-05j),(2.787316876267864e-06+3.5894181898963555e-05j),(-5.654722229632565e-06+3.5460945298471006e-05j),(-1.6542380092088092e-05+3.2095053023777436e-05j),(-2.7854624950285306e-05+2.369568353669464e-05j),(-3.6073004053647377e-05+9.31820264658054e-06j),(-3.692166743665203e-05-9.503966107233532e-06j),(-2.0654163471254202e-05-1.564086426976146e-05j),(-3.212917560060028e-05-9.963318784340206e-06j),(-3.236996353907598e-05+1.4960563498745548e-05j),(-1.0633449146833781e-05+3.209945972869639e-05j),(1.5210727813097269e-05+2.799584776594935e-05j),(2.8805667131887716e-05+7.542059619374624e-06j),(2.3324506452651937e-05-1.4624730003989355e-05j),(4.887476449309331e-06-2.4595078660861703e-05j),(-1.2898035244853113e-05-1.824102973939401e-05j),(-1.8975339628513793e-05-2.880501897508791e-06j),(-1.2924359011276743e-05+9.429047916762198e-06j),(-1.957193445333012e-08-7.447921356749637e-09j),(-3.9527926598520195e-08-1.0870152146686322e-08j),(-1.963589502345077e-08-7.472260969024054e-09j),(-1.2924359011276823e-05+9.429047916762254e-06j),(-1.897533962851367e-05-2.8805018975087502e-06j),(-1.2898035244853123e-05-1.8241029739393962e-05j),(4.887476449309333e-06-2.459507866086169e-05j),(2.3324506452651917e-05-1.4624730003989374e-05j),(2.880566713188771e-05+7.542059619374581e-06j),(1.5210727813097296e-05+2.7995847765949223e-05j),(-1.0633449146833737e-05+3.209945972869632e-05j),(-3.236996353907593e-05+1.496056349874561e-05j),(-3.466977545597995e-05-1.4061819831917561e-05j),(-1.4025809109273117e-05-3.648327773801419e-05j),(1.7756872972681228e-05-3.661169680681498e-05j),(4.034084505796972e-05-1.250062661090431e-05j),(3.797836895039642e-05+2.1660666724616284e-05j),(1.0452539596192941e-05+4.3933453325524974e-05j),(-2.5721713055996288e-05+3.880253337067583e-05j),(-4.7245043475149823e-05+7.93526075557464e-06j),(-3.9106393284054847e-05-2.9892392239253126e-05j),(-4.994917925625039e-06-5.025638490547816e-05j),(3.412766685274105e-05-3.89067066074238e-05j),(5.294709286329005e-05-1.6733865719649675e-06j),(3.8217646142519864e-05+3.838440471164742e-05j),(-1.989809405339586e-06+5.5296832420230314e-05j),(-4.2621023526371475e-05+3.705250637574745e-05j),(-5.7286089301148724e-05-5.956371842571885e-06j),(-3.542476645284161e-05-4.679732032889975e-05j),(4.714783033881943e-06-5.524847924677339e-05j),(3.845108309538243e-05-3.595146769248295e-05j),(5.2029123939253066e-05-2.601585913521175e-05j),(4.949693829821972e-05-4.463558735257619e-05j),(1.854051512053351e-05-6.351716624053055e-05j),(-1.6431292458227312e-05-6.362202227227202e-05j),(-4.5538529983701405e-05-4.676977103037401e-05j),(-6.20125117909185e-05-1.905433673543771e-05j),(-6.342913508043175e-05+1.170527843599548e-05j),(-5.139766052572769e-05+3.8399912426033325e-05j),(-3.0211538524544662e-05+5.6249720520489236e-05j),(-5.1467234759628545e-06+6.336700840440089e-05j),(1.9008527670684194e-05+6.041791832018004e-05j),(3.8864126372041506e-05+4.975680471432733e-05j),(5.272248271381155e-05+3.443460476092645e-05j),(6.0393249319970765e-05+1.7377821145646078e-05j),(6.274622311407862e-05+8.803840497976728e-07j),(6.12069140340367e-05-1.358571164625014e-05j),(5.733325441037071e-05-2.531870851541375e-05j),(5.253459339161662e-05-3.419959826058826e-05j),(4.793279153026212e-05-4.046161096548196e-05j),(4.4330118923414963e-05-4.447843028962914e-05j),(4.223738075673305e-05-4.6600939284209454e-05j),(4.192009069275641e-05-4.7049351584259315e-05j),(4.343228628403986e-05-4.585644719306075e-05j),(4.662128408335768e-05-4.2856493028512464e-05j),(5.11002398328031e-05-3.7719222918927826e-05j),(5.619903250128542e-05-3.0034122207964852e-05j),(6.091835318417478e-05-1.9452170191966503e-05j),(6.392593550285157e-05-5.885392868000947e-06j),(6.36433692214292e-05+1.0254249122243771e-05j)
"(42,)",(7.197090880232268e-05-3.3209065531369476e-06j),(5.0149318495920796e-05-3.527987240858402e-05j),(1.3055839412089875e-05-5.8742889560523293e-05j),(-2.8942049575784845e-05-5.14409939031986e-05j),(-5.462149926348227e-05-1.9082199790808644e-05j),(-5.2725573274702605e-05+2.080322117797607e-05j),(-2.6359617893760127e-05+4.8831137916968164e-05j),(1.031808052067327e-05+5.330065966754393e-05j),(4.027123154969369e-05+3.4575631627330354e-05j),(5.176736822621618e-05+3.0121250394288577e-06j),(4.2588403854368424e-05-2.7365575107196884e-05j),(1.906775108260153e-05-4.555198720543458e-05j),(-8.433134916813572e-06-4.7389475919826236e-05j),(-3.0644351509358005e-05-3.5479175659223634e-05j),(-4.262451153446473e-05-1.6277800257168637e-05j),(-4.4239648572153334e-05+3.4891976041486003e-06j),(-3.858085399812542e-05+1.930650890060654e-05j),(-2.9742258515511126e-05+2.9567962461975284e-05j),(-2.115049968750362e-05+3.4883609532119566e-05j),(-1.4903742992212205e-05+3.6847224498003976e-05j),(-1.1912286207189413e-05+3.697081242130213e-05j),(-1.2346142080388462e-05+3.607520959785169e-05j),(-1.5962532829254203e-05+3.409759457015663e-05j),(-2.2116527957589413e-05+3.019328402077816e-05j),(-2.950064826915927e-05+2.309929989544205e-05j),(-3.586568195891688e-05+1.1806597044060855e-05j),(-3.811153360256962e-05-3.502567023892838e-06j),(-3.309902718841602e-05-2.0576569403810632e-05j),(-1.9200818382137488e-05-3.489424732079493e-05j),(-2.812832126968599e-06-2.688467684258592e-05j),(-1.533901002679794e-05-3.16338928188713e-05j),(-3.466977545597991e-05-1.406181983191771e-05j),(-3.2369963539076056e-05+1.4960563498745521e-05j),(-1.0633449146833859e-05+3.209945972869639e-05j),(1.5210727813097144e-05+2.799584776594933e-05j),(2.8805667131887716e-05+7.542059619374692e-06j),(2.332450645265203e-05-1.4624730003989293e-05j),(4.887476449309428e-06-2.4595078660861744e-05j),(-1.2898035244853166e-05-1.8241029739394124e-05j),(-1.8975339628513576e-05-2.8805018975087667e-06j),(-1.2924359011276911e-05+9.429047916762267e-06j),(-1.963589502345077e-08-7.472260969024054e-09j),(-3.9527926598519983e-08-1.0870152146685872e-08j),(-1.954011016966914e-08-7.435810915515916e-09j),(-1.2924359011276842e-05+9.429047916762239e-06j),(-1.897533962851367e-05-2.88050189750879e-06j),(-1.2898035244853093e-05-1.8241029739393985e-05j),(4.887476449309299e-06-2.4595078660861673e-05j),(2.3324506452651933e-05-1.462473000398934e-05j),(2.880566713188773e-05+7.542059619374578e-06j),(1.52107278130972e-05+2.7995847765949305e-05j),(-1.0633449146833759e-05+3.209945972869633e-05j),(-3.236996353907597e-05+1.4960563498745552e-05j),(-3.4669775455979855e-05-1.4061819831917685e-05j),(-1.4025809109273091e-05-3.6483277738014176e-05j),(1.7756872972681424e-05-3.6611696806814904e-05j),(4.034084505796963e-05-1.2500626610904434e-05j),(3.79783689503963e-05+2.1660666724616294e-05j),(1.0452539596192756e-05+4.393345332552518e-05j),(-2.5721713055996125e-05+3.880253337067603e-05j),(-4.7245043475149823e-05+7.93526075557461e-06j),(-3.9106393284054786e-05-2.9892392239253245e-05j),(-4.994917925624977e-06-5.0256384905478185e-05j),(3.4127666852741105e-05-3.8906706607423774e-05j),(5.294709286329004e-05-1.6733865719648656e-06j),(3.821764614251975e-05+3.838440471164739e-05j),(-1.989809405339755e-06+5.529683242023028e-05j),(-4.2621023526371746e-05+3.705250637574742e-05j),(-5.728608930114848e-05-5.956371842571679e-06j),(-3.647611184275693e-05-4.0419759263769255e-05j),(-1.9036107896303756e-08-5.171726619656101e-05j),(1.622455885106589e-05-5.4814824668506044e-05j),(1.1877201212453263e-06-6.548625841209359e-05j),(-3.308019814804835e-05-5.5961471394325845e-05j),(-5.658601098670064e-05-3.104749579511602e-05j),(-6.41009652018451e-05+9.67371900066642e-07j),(-5.551931362745859e-05+3.1234898459548736e-05j),(-3.480905770770016e-05+5.290427852306943e-05j),(-8.045529545005771e-06+6.247289184652996e-05j),(1.862625426323193e-05+5.985311102475182e-05j),(4.0483493345801154e-05+4.750736459280255e-05j),(5.491576592762575e-05+2.9180793283401382e-05j),(6.138179966474748e-05+8.70810310111174e-06j),(6.089170605314571e-05-1.0813744645287675e-05j),(5.531542890700468e-05-2.740326196342304e-05j),(4.67538639968582e-05-4.0193406582668696e-05j),(3.7100674212386984e-05-4.919557397371587e-05j),(2.782182102639617e-05-5.497421608891443e-05j),(1.991356474616038e-05-5.833783707243878e-05j),(1.3972241543049747e-05-6.010064482286613e-05j),(1.0310391629046971e-05-6.0926407723164346e-05j),(9.069487287055688e-06-6.124062599972412e-05j),(1.0297972566100046e-05-6.118876897105838e-05j),(1.3978441633669075e-05-6.062257489473611e-05j),(1.9998655634429174e-05-5.910790678400437e-05j),(2.8070307070260482e-05-5.596158487791301e-05j),(3.761077646038212e-05-5.0336455250016884e-05j),(4.7619217794749784e-05-4.1378649213757585e-05j),(5.659825230721337e-05-2.8472750296958123e-05j),(6.258996005169902e-05-1.1564404172352899e-05j)
"(43,)",(6.781428194225226e-05-2.3241110295831275e-05j),(3.918008618480698e-05-4.7047499238268685e-05j),(-1.6579750065231754e-06-6.008030762889653e-05j),(-3.97648346018893e-05-4.3545383335147524e-05j),(-5.7343853091274356e-05-7.449033293591085e-06j),(-4.801773484788431e-05+3.0098089922787775e-05j),(-1.831121563849285e-05+5.239887809402473e-05j),(1.7189091362399265e-05+5.154131199790468e-05j),(4.356179097557225e-05+3.0449824812528034e-05j),(5.1956984335253276e-05-3.3214554935889683e-07j),(4.19869340536662e-05-2.8525084808543762e-05j),(1.994069077284871e-05-4.536750806078347e-05j),(-5.322810234211472e-06-4.805540660991996e-05j),(-2.6363137594495217e-05-3.9081249547911585e-05j),(-3.9355652459679165e-05-2.3698130024608728e-05j),(-4.416965108282908e-05-7.198428802050985e-06j),(-4.3060798108481536e-05+6.7999608215617e-06j),(-3.9046148822945075e-05+1.6752500409090214e-05j),(-3.4728906087300164e-05+2.2653946791412433e-05j),(-3.179834732500335e-05+2.5180030098255932e-05j),(-3.101732216820326e-05+2.4967144266943067e-05j),(-3.2375158549332396e-05+2.2228696444619248e-05j),(-3.5175211804967656e-05+1.6726703030461567e-05j),(-3.801758520202535e-05+8.061858197558537e-06j),(-3.882475421328066e-05-3.770963253240485e-06j),(-3.5163300932306494e-05-1.7698704185835235e-05j),(-2.5058581603114986e-05-3.10678235373366e-05j),(-8.226207286071265e-06-3.978077194224818e-05j),(1.2779998404843296e-05-3.94432480616908e-05j),(1.8414637857226646e-05-2.1237952288363884e-05j),(1.3145302716541592e-05-3.416988491621932e-05j),(-1.40258091092732e-05-3.6483277738014244e-05j),(-3.466977545598e-05-1.4061819831917622e-05j),(-3.2369963539076015e-05+1.4960563498745631e-05j),(-1.063344914683376e-05+3.209945972869632e-05j),(1.5210727813097227e-05+2.7995847765949274e-05j),(2.8805667131887767e-05+7.5420596193746625e-06j),(2.332450645265205e-05-1.462473000398935e-05j),(4.887476449309355e-06-2.459507866086187e-05j),(-1.2898035244853095e-05-1.824102973939385e-05j),(-1.897533962851375e-05-2.8805018975087667e-06j),(-1.2924359011276823e-05+9.429047916762254e-06j),(-1.954011016966914e-08-7.435810915515916e-09j),(-3.952792659852024e-08-1.0870152146686024e-08j),(-1.9413841283263236e-08-7.387760441102626e-09j),(-1.292435901127694e-05+9.429047916762283e-06j),(-1.8975339628513786e-05-2.880501897508835e-06j),(-1.2898035244853186e-05-1.8241029739394053e-05j),(4.88747644930935e-06-2.459507866086181e-05j),(2.3324506452652066e-05-1.4624730003989459e-05j),(2.8805667131887896e-05+7.542059619374722e-06j),(1.52107278130973e-05+2.799584776594949e-05j),(-1.0633449146833883e-05+3.209945972869653e-05j),(-3.236996353907619e-05+1.4960563498745514e-05j),(-3.466977545598006e-05-1.4061819831917751e-05j),(-1.4025809109273015e-05-3.648327773801445e-05j),(1.7756872972681374e-05-3.6611696806815135e-05j),(4.0340845057969764e-05-1.2500626610904434e-05j),(3.7978368950396535e-05+2.1660666724616654e-05j),(1.0452539596193085e-05+4.393345332552543e-05j),(-2.5721713055996305e-05+3.880253337067618e-05j),(-4.724504347515014e-05+7.935260755574477e-06j),(-3.910639328405499e-05-2.989239223925354e-05j),(-4.994917925624918e-06-5.025638490547853e-05j),(3.412766685274139e-05-3.890670660742394e-05j),(5.2947092863290266e-05-1.673386571964803e-06j),(3.821764614251987e-05+3.8384404711647737e-05j),(-1.9898094053398657e-06+5.5296832420230795e-05j),(-4.2621023526371597e-05+3.705250637574774e-05j),(-5.341385142300894e-05-9.273214861050569e-07j),(-3.711581128842689e-05-3.4652151242527365e-05j),(-2.8458240867628117e-05-4.839499452601248e-05j),(-4.6173168550677064e-05-4.478262154073871e-05j),(-6.22995803450687e-05-1.3877171434716764e-05j),(-6.0256566318593976e-05+1.9577955731067243e-05j),(-4.253282105396486e-05+4.636402304682212e-05j),(-1.5373732200589527e-05+6.059046329660494e-05j),(1.3760757887636677e-05+6.059421064803771e-05j),(3.84454759279391e-05+4.838555547131859e-05j),(5.464462800384654e-05+2.8218141349816854e-05j),(6.103871381031758e-05+4.9646988219115836e-06j),(5.855286061317135e-05-1.7177538096369263e-05j),(4.948047220387727e-05-3.540334224351978e-05j),(3.657692195219861e-05-4.844677068346407e-05j),(2.2369351542021854e-05-5.632728846863587e-05j),(8.774972778056701e-06-5.990937499342945e-05j),(-2.9989689298114714e-06-6.045419477578042e-05j),(-1.2362193064824888e-05-5.92688193675942e-05j),(-1.9154431442897694e-05-5.7486599938067004e-05j),(-2.344310732941717e-05-5.596246421438775e-05j),(-2.5353886117067227e-05-5.524357722306533e-05j),(-2.495654249763065e-05-5.557354162908621e-05j),(-2.2213284283587243e-05-5.689882347640014e-05j),(-1.6991088880389638e-05-5.8862637192554966e-05j),(-9.138969081261295e-06-6.079019822419653e-05j),(1.371038472709004e-06-6.168781660926225e-05j),(1.4250115092632472e-05-6.0293925440932e-05j),(2.8678145248637467e-05-5.522737792811161e-05j),(4.313127901737896e-05-4.526886283236727e-05j),(5.534536055986646e-05-2.9776481761076738e-05j)
"(44,)",(5.96758926859974e-05-3.9128290734835324e-05j),(2.7520890664518657e-05-5.463276013880132e-05j),(-1.4060154031648502e-05-5.8400808480130164e-05j),(-4.7181163776740475e-05-3.53525098617085e-05j),(-5.779794053641357e-05+2.0498304619688923e-06j),(-4.340211735799997e-05+3.6490209761984297e-05j),(-1.2401170782042996e-05+5.4162877352047716e-05j),(2.1289337073696943e-05+5.008066804020858e-05j),(4.5004777095110264e-05+2.8490189661350017e-05j),(5.210040807246449e-05-7.331272885538542e-07j),(4.309466253656384e-05-2.716513225290803e-05j),(2.3630228159075253e-05-4.380956829323132e-05j),(1.0138741512584917e-06-4.860046377567086e-05j),(-1.8795664720670673e-05-4.35707011925316e-05j),(-3.2681629078160685e-05-3.2806362978183166e-05j),(-4.030179350367155e-05-2.0441474946535557e-05j),(-4.309159121485174e-05-9.460244271359832e-06j),(-4.309375094198364e-05-1.4275638574474957e-06j),(-4.210036174912516e-05+3.165637026697381e-06j),(-4.122667236667732e-05+4.366128054928701e-06j),(-4.07964535105063e-05+2.3448791772963907e-06j),(-4.037113095504254e-05-2.7474960310103703e-06j),(-3.8843877173734473e-05-1.0638187975056526e-05j),(-3.464783004504187e-05-2.057333810184406e-05j),(-2.6201397416156633e-05-3.090824648662245e-05j),(-1.2660377334896163e-05-3.892134718157351e-05j),(5.159543633270831e-06-4.117847542144716e-05j),(2.4114599291008098e-05-3.464398145753966e-05j),(3.8923765162159165e-05-1.8355198444555428e-05j),(2.912689374297097e-05-1.1013804475939527e-06j),(3.5231518258151836e-05-1.4264502043080756e-05j),(1.775687297268123e-05-3.661169680681509e-05j),(-1.4025809109273239e-05-3.6483277738014265e-05j),(-3.466977545598003e-05-1.4061819831917585e-05j),(-3.236996353907592e-05+1.4960563498745579e-05j),(-1.0633449146833747e-05+3.209945972869632e-05j),(1.5210727813097216e-05+2.7995847765949332e-05j),(2.88056671318878e-05+7.54205961937469e-06j),(2.3324506452652137e-05-1.4624730003989465e-05j),(4.8874764493092405e-06-2.4595078660861588e-05j),(-1.2898035244853193e-05-1.8241029739394023e-05j),(-1.897533962851367e-05-2.8805018975087502e-06j),(-1.2924359011276842e-05+9.429047916762239e-06j),(-1.9413841283263236e-08-7.387760441102626e-09j),(-3.95279265985204e-08-1.0870152146685926e-08j),(-1.954011016966187e-08-7.435810915516851e-09j),(-1.2924359011276857e-05+9.429047916762239e-06j),(-1.8975339628513664e-05-2.880501897508738e-06j),(-1.2898035244853139e-05-1.8241029739393935e-05j),(4.887476449309238e-06-2.4595078660861713e-05j),(2.3324506452651978e-05-1.4624730003989376e-05j),(2.880566713188779e-05+7.54205961937461e-06j),(1.521072781309726e-05+2.7995847765949345e-05j),(-1.0633449146833845e-05+3.209945972869631e-05j),(-3.236996353907598e-05+1.4960563498745514e-05j),(-3.4669775455979855e-05-1.4061819831917756e-05j),(-1.4025809109273149e-05-3.648327773801413e-05j),(1.7756872972681167e-05-3.66116968068149e-05j),(4.034084505796972e-05-1.2500626610904358e-05j),(3.797836895039659e-05+2.1660666724616227e-05j),(1.045253959619312e-05+4.393345332552514e-05j),(-2.5721713055996156e-05+3.880253337067601e-05j),(-4.724504347514989e-05+7.935260755574486e-06j),(-3.910639328405481e-05-2.9892392239253377e-05j),(-4.994917925624918e-06-5.025638490547826e-05j),(3.412766685274109e-05-3.8906706607423706e-05j),(5.2947092863289974e-05-1.6733865719647485e-06j),(3.821764614251974e-05+3.838440471164772e-05j),(-1.989809405339525e-06+5.5296832420230355e-05j),(-3.6420792844311376e-05+3.764380829698053e-05j),(-4.9703974444314235e-05+3.3978713688405955e-06j),(-5.3773360594097654e-05-1.2017371257258374e-05j),(-6.30524038239525e-05+3.070753301739582e-06j),(-5.17397271180947e-05+3.5279851595526734e-05j),(-2.6524753668964818e-05+5.6203845784507525e-05j),(4.349552755251182e-06+6.155195998492115e-05j),(3.258801131982439e-05+5.191615810942018e-05j),(5.2146434606570653e-05+3.150389873025944e-05j),(6.027747557503455e-05+6.1487343325413495e-06j),(5.7361888398421806e-05-1.8583048981692195e-05j),(4.5946276568005026e-05-3.865741457006913e-05j),(2.9519568902564726e-05-5.204854779247567e-05j),(1.1457379612049784e-05-5.8561443050918724e-05j),(-5.640688094103127e-06-5.9281927520627574e-05j),(-2.0193234116336677e-05-5.59366611908827e-05j),(-3.155885523708425e-05-5.035969641398737e-05j),(-3.9782491738988944e-05-4.415228983517008e-05j),(-4.5294395418302434e-05-3.85336951371441e-05j),(-4.8644019513213044e-05-3.433058162079535e-05j),(-5.030425862430045e-05-3.2038418395956546e-05j),(-5.054906100047062e-05-3.189665033660012e-05j),(-4.9393510135503447e-05-3.3937583163114224e-05j),(-4.658666599639327e-05-3.7988382690306605e-05j),(-4.165709612468406e-05-4.362404217030918e-05j),(-3.402142322462205e-05-5.0087839327031417e-05j),(-2.316946307516128e-05-5.621622156575992e-05j),(-8.928229277260644e-06-6.042544621521093e-05j),(8.223479304684185e-06-6.083002174671709e-05j),(2.686590327374193e-05-5.555462681071578e-05j),(4.450168341228625e-05-4.325702078154572e-05j)
"(45,)",(4.975836698327022e-05-5.074322618506632e-05j),(1.6657540316160798e-05-5.884491105227097e-05j),(-2.3716436478156103e-05-5.519351690570913e-05j),(-5.185483769731905e-05-2.8104693687339528e-05j),(-5.7175622616739545e-05+9.014448503288735e-06j),(-3.9877441372259783e-05+4.041327097216577e-05j),(-9.023277559142462e-06+5.492616546651646e-05j),(2.2759776206852076e-05+4.956822304699731e-05j),(4.4888891282736066e-05+2.8960475979847984e-05j),(5.226094183962752e-05+1.8398332089910774e-06j),(4.5645885702929206e-05-2.311499510492032e-05j),(2.974760949793434e-05-4.023550348210919e-05j),(1.0433625682142368e-05-4.7792169345566256e-05j),(-7.502326031674741e-06-4.721914149484555e-05j),(-2.1381039360279712e-05-4.1551955603051485e-05j),(-3.055533431731779e-05-3.3970015422806155e-05j),(-3.5692890318376745e-05-2.6929792362113323e-05j),(-3.794303563218997e-05-2.192615333387305e-05j),(-3.830431416598522e-05-1.9648588513154275e-05j),(-3.727957448808624e-05-2.0244872176448655e-05j),(-3.477419081957867e-05-2.348729835684393e-05j),(-3.0179316653777557e-05-2.8761420431306297e-05j),(-2.2630578389756047e-05-3.491520315148426e-05j),(-1.1464506758766115e-05-4.010902139553572e-05j),(3.1533575282644736e-06-4.188220207028773e-05j),(1.9598990126486572e-05-3.7651766558882846e-05j),(3.45072353922265e-05-2.5715329603889738e-05j),(4.325441546339579e-05-6.522988972566396e-06j),(4.143120893392303e-05+1.6381291012063898e-05j),(2.1413084504487673e-05+2.1224946656924222e-05j),(3.570574780932591e-05+1.655785583673035e-05j),(4.034084505796975e-05-1.2500626610904496e-05j),(1.7756872972681275e-05-3.661169680681513e-05j),(-1.4025809109273242e-05-3.6483277738014285e-05j),(-3.4669775455979895e-05-1.4061819831917583e-05j),(-3.236996353907594e-05+1.4960563498745552e-05j),(-1.0633449146833815e-05+3.209945972869634e-05j),(1.5210727813097203e-05+2.7995847765949393e-05j),(2.8805667131887947e-05+7.542059619374712e-06j),(2.3324506452651835e-05-1.4624730003989315e-05j),(4.887476449309333e-06-2.4595078660861798e-05j),(-1.2898035244853123e-05-1.8241029739393962e-05j),(-1.897533962851367e-05-2.88050189750879e-06j),(-1.292435901127694e-05+9.429047916762283e-06j),(-1.954011016966187e-08-7.435810915516851e-09j),(-3.9527926598520394e-08-1.0870152146686361e-08j),(-1.96358950234506e-08-7.472260969023424e-09j),(-1.292435901127685e-05+9.42904791676227e-06j),(-1.8975339628513705e-05-2.8805018975087616e-06j),(-1.2898035244853186e-05-1.8241029739393972e-05j),(4.887476449309337e-06-2.4595078660861764e-05j),(2.332450645265204e-05-1.4624730003989415e-05j),(2.8805667131887845e-05+7.542059619374676e-06j),(1.5210727813097174e-05+2.7995847765949427e-05j),(-1.0633449146833867e-05+3.209945972869638e-05j),(-3.236996353907611e-05+1.4960563498745424e-05j),(-3.466977545597993e-05-1.4061819831917622e-05j),(-1.4025809109273135e-05-3.648327773801414e-05j),(1.7756872972681397e-05-3.661169680681502e-05j),(4.034084505796976e-05-1.2500626610904664e-05j),(3.797836895039659e-05+2.1660666724616294e-05j),(1.0452539596192995e-05+4.393345332552526e-05j),(-2.5721713055996315e-05+3.8802533370676055e-05j),(-4.7245043475150033e-05+7.93526075557444e-06j),(-3.910639328405484e-05-2.989239223925347e-05j),(-4.994917925624867e-06-5.025638490547828e-05j),(3.4127666852741274e-05-3.890670660742368e-05j),(5.294709286329025e-05-1.6733865719646717e-06j),(3.821764614251987e-05+3.838440471164744e-05j),(2.5836029954968086e-06+5.1249205789677064e-05j),(-3.0834181708109994e-05+3.788080679055761e-05j),(-4.4615005006086575e-05+3.0488295730196055e-05j),(-4.0043633015849065e-05+4.721377331011319e-05j),(-9.470064155869383e-06+6.066191530007391e-05j),(2.2279968166486114e-05+5.6695573441072464e-05j),(4.671607743989135e-05+3.839515005126548e-05j),(5.8836687162132416e-05+1.2058552159348853e-05j),(5.7695469298778463e-05-1.529658178704707e-05j),(4.5627335121243305e-05-3.7969394051589815e-05j),(2.677077226448737e-05-5.265894701343098e-05j),(5.5494144268931e-06-5.856949123700355e-05j),(-1.4433824670753603e-05-5.6831849430797556e-05j),(-3.0923665440883984e-05-4.9642490256738475e-05j),(-4.302877052849909e-05-3.9458493060239644e-05j),(-5.091739932053958e-05-2.8440022256529094e-05j),(-5.539517677608749e-05-1.8184993910580927e-05j),(-5.7513013356515956e-05-9.701713170282306e-06j),(-5.8277992952210145e-05-3.5248299408187656e-06j),(-5.847749881956218e-05+1.1654823062699382e-07j),(-5.8590966241549763e-05+1.1450286105863142e-06j),(-5.875384074365639e-05-4.655157687053713e-07j),(-5.874710491263871e-05-4.718528974258398e-06j),(-5.800463779923237e-05-1.1546299565845895e-05j),(-5.565242673150883e-05-2.0690314449222032e-05j),(-5.061145016146545e-05-3.153187992759853e-05j),(-4.180185944235343e-05-4.291865449104035e-05j),(-2.8470541658676462e-05-5.306304679484548e-05j),(-1.0619916371742603e-05-5.961256595396439e-05j),(1.0555302499950835e-05-5.9988653468300835e-05j),(3.239565338589899e-05-5.2035563700578144e-05j)
"(46,)",(3.9834181918061464e-05-5.854715989177881e-05j),(7.526518576341567e-06-6.071109594710166e-05j),(-3.065282568977484e-05-5.17095521483445e-05j),(-5.454539198706846e-05-2.2599645183696587e-05j),(-5.640553117582771e-05+1.3357024531008495e-05j),(-3.8055963715537765e-05+4.227850872790665e-05j),(-8.343486235742794e-06+5.5169274607755995e-05j),(2.1657429691744242e-05+5.023629428606368e-05j),(4.3138493777204115e-05+3.1833404672105394e-05j),(5.1999550102385066e-05+7.363892212522424e-06j),(4.886200852919481e-05-1.6037306000375923e-05j),(3.7409245820418803e-05-3.368701305294183e-05j),(2.224805744707262e-05-4.3960824664664694e-05j),(7.256711020936866e-06-4.7672700401797006e-05j),(-5.170989358728503e-06-4.69267625496182e-05j),(-1.4085602826845679e-05-4.4057897308738355e-05j),(-1.9500913692454947e-05-4.097130336452665e-05j),(-2.182668990683213e-05-3.8891043352343475e-05j),(-2.1436444054431456e-05-3.836175085407601e-05j),(-1.845225959142499e-05-3.932615558966016e-05j),(-1.2750107026938529e-05-4.1170319567666295e-05j),(-4.16561210131995e-06-4.272977508566368e-05j),(7.133594103256174e-06-4.234329646582879e-05j),(2.019260675113066e-05-3.8095607326578324e-05j),(3.291063074338357e-05-2.8368128344144886e-05j),(4.2052973774473366e-05-1.2683314702311647e-05j),(4.390188220947625e-05+7.407077978900114e-06j),(3.561213814097095e-05+2.7878887148259866e-05j),(1.693398310396967e-05+4.2791196063477523e-05j),(-9.038656764753456e-07+3.110663882963981e-05j),(1.2698112631728935e-05+3.862802859512983e-05j),(3.7978368950396494e-05+2.1660666724616423e-05j),(4.0340845057969805e-05-1.2500626610904493e-05j),(1.775687297268127e-05-3.661169680681514e-05j),(-1.4025809109273134e-05-3.648327773801417e-05j),(-3.466977545597988e-05-1.4061819831917616e-05j),(-3.2369963539075995e-05+1.49605634987455e-05j),(-1.0633449146833883e-05+3.209945972869634e-05j),(1.5210727813097284e-05+2.7995847765949518e-05j),(2.8805667131887598e-05+7.542059619374585e-06j),(2.3324506452652072e-05-1.4624730003989398e-05j),(4.887476449309333e-06-2.459507866086169e-05j),(-1.2898035244853093e-05-1.8241029739393985e-05j),(-1.8975339628513786e-05-2.880501897508835e-06j),(-1.2924359011276857e-05+9.429047916762239e-06j),(-1.96358950234506e-08-7.472260969023424e-09j),(-3.95279265985201e-08-1.087015214668609e-08j),(-1.9540110169673362e-08-7.435810915515875e-09j),(-1.2924359011276835e-05+9.429047916762269e-06j),(-1.8975339628513708e-05-2.8805018975087223e-06j),(-1.2898035244853157e-05-1.8241029739394e-05j),(4.887476449309312e-06-2.459507866086178e-05j),(2.3324506452652052e-05-1.4624730003989415e-05j),(2.880566713188779e-05+7.542059619374736e-06j),(1.5210727813097201e-05+2.7995847765949393e-05j),(-1.0633449146833969e-05+3.209945972869633e-05j),(-3.2369963539075995e-05+1.496056349874554e-05j),(-3.4669775455979855e-05-1.4061819831917583e-05j),(-1.4025809109273085e-05-3.6483277738014285e-05j),(1.775687297268112e-05-3.6611696806815196e-05j),(4.0340845057969696e-05-1.250062661090465e-05j),(3.7978368950396555e-05+2.166066672461634e-05j),(1.045253959619296e-05+4.3933453325525285e-05j),(-2.572171305599635e-05+3.8802533370676034e-05j),(-4.7245043475150033e-05+7.935260755574377e-06j),(-3.910639328405475e-05-2.9892392239253445e-05j),(-4.994917925624771e-06-5.025638490547828e-05j),(3.4127666852741396e-05-3.89067066074238e-05j),(5.294709286329006e-05-1.673386571964979e-06j),(3.837759606411608e-05+3.2402712960106276e-05j),(6.4928916960523675e-06+4.7404767089404104e-05j),(-8.017251375149184e-06+5.234310351398064e-05j),(6.976489487295841e-06+6.026248898213847e-05j),(3.699243726146082e-05+4.7423889862251434e-05j),(5.537374558800048e-05+2.2202647525531907e-05j),(5.8756654227989584e-05-7.306556481199725e-06j),(4.836531569247197e-05-3.343758948637697e-05j),(2.855534891726049e-05-5.0977094513304636e-05j),(4.8379178691014985e-06-5.790426330060422e-05j),(-1.7841575974866987e-05-5.500736682220459e-05j),(-3.6132980652745124e-05-4.485571864100528e-05j),(-4.855422610051752e-05-3.0647994778871114e-05j),(-5.52021348473651e-05-1.5308466544928077e-05j),(-5.7192196654522775e-05-9.873046267888972e-07j),(-5.608194335960718e-05+1.1058900877557982e-05j),(-5.3430323147236754e-05+2.0327892125360053e-05j),(-5.0539512801454374e-05+2.6813499500476763e-05j),(-4.835188864540619e-05+3.073722048267332e-05j),(-4.744185825610325e-05+3.233231896763631e-05j),(-4.804124884298206e-05+3.170528175523419e-05j),(-5.00543532208439e-05+2.8779180984824627e-05j),(-5.304399045865839e-05+2.331881448850866e-05j),(-5.6197607026779724e-05+1.5039945697598576e-05j),(-5.830978753721859e-05+3.80359637544924e-06j),(-5.784016357501632e-05-1.0118872696903787e-05j),(-5.31140995186933e-05-2.575838452189788e-05j),(-4.271340352819708e-05-4.1235362934698944e-05j),(-2.6042819194845475e-05-5.3761703723975376e-05j),(-3.955705518980111e-06-6.000266950264001e-05j),(2.0794187757991454e-05-5.687446946132524e-05j)
"(47,)",(3.115634748469459e-05-6.334676944889937e-05j),(6.215837511967998e-07-6.122380694587905e-05j),(-3.511812231152781e-05-4.887546182739916e-05j),(-5.590053406014368e-05-1.929039199942684e-05j),(-5.60819708771482e-05+1.5110843860314563e-05j),(-3.822451317242558e-05+4.2316630181564314e-05j),(-1.0406031613397531e-05+5.498807843676807e-05j),(1.789478754243911e-05+5.190331701545831e-05j),(3.932509318678629e-05+3.6771902112824536e-05j),(5.040750221021802e-05+1.5643793658704223e-05j),(5.1414580205263926e-05-5.671005932958805e-06j),(4.5049828419876875e-05-2.323038740027707e-05j),(3.4840778155518915e-05-3.539921449819927e-05j),(2.3916833715236912e-05-4.240477240587191e-05j),(1.442949686110148e-05-4.5516766518526924e-05j),(7.5270080744070954e-06-4.627321351747239e-05j),(3.6343294667174535e-06-4.595844117995702e-05j),(2.793183593616699e-06-4.5346245235982084e-05j),(4.901678694036356e-06-4.4623729203811466e-05j),(9.783767032902897e-06-4.340897131833712e-05j),(1.7084678309587448e-05-4.082965286357045e-05j),(2.6038497668473506e-05-3.5694536121459605e-05j),(3.520941154253658e-05-2.6824555197375727e-05j),(4.237162767459953e-05-1.3581469282909117e-05j),(4.473059274812372e-05+3.4775596093732225e-06j),(3.963645284928716e-05+2.2058050708193122e-05j),(2.5747642605253544e-05+3.807747155307096e-05j),(4.289321224884558e-06+4.646691769875544e-05j),(-2.0244661816109712e-05+4.2906681025492936e-05j),(-2.4043236064521517e-05+2.1207954766001352e-05j),(-2.0152369252914394e-05+3.676320038547055e-05j),(1.0452539596192993e-05+4.393345332552519e-05j),(3.797836895039654e-05+2.1660666724616366e-05j),(4.034084505796972e-05-1.2500626610904581e-05j),(1.775687297268117e-05-3.6611696806814986e-05j),(-1.4025809109273203e-05-3.64832777380141e-05j),(-3.4669775455979895e-05-1.4061819831917572e-05j),(-3.236996353907598e-05+1.4960563498745548e-05j),(-1.0633449146833805e-05+3.209945972869651e-05j),(1.5210727813097188e-05+2.7995847765949095e-05j),(2.8805667131887835e-05+7.542059619374622e-06j),(2.3324506452651917e-05-1.4624730003989374e-05j),(4.887476449309299e-06-2.4595078660861673e-05j),(-1.2898035244853186e-05-1.8241029739394053e-05j),(-1.8975339628513664e-05-2.880501897508738e-06j),(-1.292435901127685e-05+9.42904791676227e-06j),(-1.9540110169673362e-08-7.435810915515875e-09j),(-3.95279265985198e-08-1.0870152146685465e-08j),(-1.9413841283252367e-08-7.387760441101945e-09j),(-1.2924359011276816e-05+9.429047916762225e-06j),(-1.8975339628513654e-05-2.8805018975088082e-06j),(-1.2898035244853088e-05-1.8241029739393982e-05j),(4.887476449309378e-06-2.45950786608617e-05j),(2.3324506452652025e-05-1.4624730003989228e-05j),(2.880566713188768e-05+7.542059619374752e-06j),(1.5210727813096976e-05+2.799584776594939e-05j),(-1.063344914683386e-05+3.2099459728696205e-05j),(-3.2369963539075826e-05+1.4960563498745362e-05j),(-3.466977545597976e-05-1.4061819831917793e-05j),(-1.4025809109273195e-05-3.648327773801414e-05j),(1.775687297268113e-05-3.6611696806814965e-05j),(4.034084505796962e-05-1.250062661090442e-05j),(3.797836895039638e-05+2.16606667246164e-05j),(1.045253959619282e-05+4.393345332552517e-05j),(-2.5721713055996332e-05+3.8802533370675804e-05j),(-4.724504347514977e-05+7.935260755574228e-06j),(-3.910639328405447e-05-2.9892392239253496e-05j),(-4.994917925624546e-06-5.025638490547827e-05j),(3.412766685274108e-05-3.890670660742353e-05j),(4.877426568605659e-05-5.784410712530262e-06j),(3.823970525884211e-05+2.7032515219677727e-05j),(3.2088249202802886e-05+4.072421256174711e-05j),(4.774935856004468e-05+3.532496544311971e-05j),(5.862303691843462e-05+5.362673416790533e-06j),(5.2981202186417456e-05-2.4509382594234755e-05j),(3.441230499656839e-05-4.65921262874054e-05j),(9.165722144935895e-06-5.677693142571054e-05j),(-1.6263050674705456e-05-5.478376440458479e-05j),(-3.693012344905439e-05-4.319429376671216e-05j),(-5.025172072272753e-05-2.596219091709598e-05j),(-5.5906010294756045e-05-7.02885424255862e-06j),(-5.517625668881349e-05+1.058285270616225e-05j),(-5.013080230972743e-05+2.511290167109414e-05j),(-4.293149119128465e-05+3.596659943706072e-05j),(-3.540459521942645e-05+4.33764350852366e-05j),(-2.8874055650655455e-05+4.800600109270553e-05j),(-2.4180597408520144e-05+5.061117098680899e-05j),(-2.178985349997002e-05+5.1802877801801586e-05j),(-2.1907329982131313e-05+5.1908034023953975e-05j),(-2.454607373449908e-05+5.090699123170538e-05j),(-2.9521214641597374e-05+4.84315129694891e-05j),(-3.6371303454355754e-05+4.382524527394307e-05j),(-4.423291849146435e-05+3.628637780596438e-05j),(-5.172539870955071e-05+2.5116561433167438e-05j),(-5.6932901872324864e-05+1.0079279804247602e-05j),(-5.758650804020121e-05-8.181426089594018e-06j),(-5.1526080665611703e-05-2.778710329530955e-05j),(-3.7438282414586837e-05-4.5532100894932624e-05j),(-1.572263120553756e-05-5.726439405903421e-05j),(1.0829102521118579e-05-5.8861298979919114e-05j)
"(48,)",(2.450887923476592e-05-6.600841046374617e-05j),(-3.854027948831832e-06-6.118692730845945e-05j),(-3.7389481595965354e-05-4.729054407185531e-05j),(-5.6331176196206835e-05-1.8396777397895723e-05j),(-5.644598806251036e-05+1.4299302981347698e-05j),(-4.0385423643759966e-05+4.050236694708037e-05j),(-1.5154372897050302e-05+5.407919572265482e-05j),(1.1290087084541562e-05+5.396048218890714e-05j),(3.277952195168303e-05+4.3036826243745615e-05j),(4.622307716926672e-05+2.6085089512730848e-05j),(5.147872804324497e-05+7.79066026354883e-06j),(5.036520248861311e-05-8.483702176336044e-06j),(4.547872851819962e-05-2.105292241375803e-05j),(3.9280692762627554e-05-2.9625038849492503e-05j),(3.362528120659318e-05-3.473455328007652e-05j),(2.966343749584143e-05-3.718357561826385e-05j),(2.7954527806901873e-05-3.76393710393112e-05j),(2.8620081406078297e-05-3.641736738003647e-05j),(3.143220629023862e-05-3.342208908693794e-05j),(3.580004719860163e-05-2.8218206747713547e-05j),(4.0683239257242677e-05-2.0228083175525946e-05j),(4.451928294477819e-05-9.063656825902717e-06j),(4.52952355817628e-05+5.030147450900603e-06j),(4.08982515203655e-05+2.0725010843416126e-05j),(2.9807094106536933e-05+3.536302092862152e-05j),(1.2016998065752056e-05+4.518951161569902e-05j),(-1.0140799538483248e-05+4.6269939990181396e-05j),(-3.1801109923755085e-05+3.6034763809657295e-05j),(-4.64664719611041e-05+1.4990122719858768e-05j),(-3.2821362863650216e-05-3.1656820096641466e-06j),(-4.1805499283638315e-05+1.0687334779165264e-05j),(-2.5721713055996217e-05+3.880253337067598e-05j),(1.0452539596192982e-05+4.3933453325525224e-05j),(3.797836895039655e-05+2.1660666724616325e-05j),(4.03408450579696e-05-1.2500626610904508e-05j),(1.7756872972681157e-05-3.661169680681497e-05j),(-1.402580910927317e-05-3.648327773801416e-05j),(-3.4669775455979916e-05-1.4061819831917638e-05j),(-3.236996353907611e-05+1.496056349874565e-05j),(-1.063344914683363e-05+3.209945972869614e-05j),(1.5210727813097296e-05+2.7995847765949352e-05j),(2.880566713188771e-05+7.542059619374581e-06j),(2.3324506452651933e-05-1.462473000398934e-05j),(4.88747644930935e-06-2.459507866086181e-05j),(-1.2898035244853139e-05-1.8241029739393935e-05j),(-1.8975339628513705e-05-2.8805018975087616e-06j),(-1.2924359011276835e-05+9.429047916762269e-06j),(-1.9413841283252367e-08-7.387760441101945e-09j),(-3.952792659852004e-08-1.0870152146686065e-08j),(-1.9540110169665014e-08-7.435810915516675e-09j),(-1.292435901127692e-05+9.429047916762266e-06j),(-1.897533962851377e-05-2.880501897508818e-06j),(-1.2898035244853152e-05-1.82410297393941e-05j),(4.8874764493094675e-06-2.459507866086179e-05j),(2.3324506452652137e-05-1.4624730003989321e-05j),(2.8805667131887815e-05+7.542059619374897e-06j),(1.521072781309717e-05+2.799584776594944e-05j),(-1.0633449146833872e-05+3.20994597286963e-05j),(-3.2369963539076144e-05+1.4960563498745404e-05j),(-3.466977545598005e-05-1.4061819831917626e-05j),(-1.402580910927326e-05-3.6483277738014285e-05j),(1.7756872972681323e-05-3.6611696806815135e-05j),(4.034084505796987e-05-1.2500626610904434e-05j),(3.797836895039659e-05+2.166066672461657e-05j),(1.0452539596192822e-05+4.393345332552541e-05j),(-2.5721713055996454e-05+3.880253337067595e-05j),(-4.7245043475150033e-05+7.935260755574172e-06j),(-3.910639328405479e-05-2.9892392239253817e-05j),(-4.994917925624828e-06-5.0256384905478314e-05j),(2.8403789160625945e-05-3.8668049184835996e-05j),(4.4840552540649225e-05-9.27434717336379e-06j),(5.053705279056352e-05+4.261714581655244e-06j),(5.7143666172823066e-05-1.0491997945195215e-05j),(4.30592070740934e-05-3.820103397213494e-05j),(1.8132081880553202e-05-5.410683630118172e-05j),(-9.795673915971334e-06-5.575441134635058e-05j),(-3.375938356832046e-05-4.4928454515135185e-05j),(-4.939373573389739e-05-2.6040138151221096e-05j),(-5.53691789423606e-05-4.20321086486432e-06j),(-5.281892484078111e-05+1.628813654762927e-05j),(-4.427938363826969e-05+3.274751764976901e-05j),(-3.263810868389879e-05+4.4180077469027525e-05j),(-2.0393265036899202e-05+5.090466897748856e-05j),(-9.310793176499015e-06+5.400232434718994e-05j),(-4.0972468830301244e-07+5.4808112317441705e-05j),(5.8599187870938335e-06+5.455179806323343e-05j),(9.37743374473837e-06+5.4157268678193826e-05j),(1.0141866369532891e-05+5.41569360943688e-05j),(8.142857592696599e-06+5.46649711276601e-05j),(3.3332743215086363e-06+5.53696936926125e-05j),(-4.291365286080537e-06+5.553676933236098e-05j),(-1.4515389145353539e-05+5.404948718049848e-05j),(-2.665924673702654e-05+4.953927631827323e-05j),(-3.9340174615762665e-05+4.066503911582113e-05j),(-5.035502223638489e-05+2.6568169262518336e-05j),(-5.683362028553017e-05+7.4516522620176556e-06j),(-5.578677756759457e-05-1.488309960176255e-05j),(-4.505972554652266e-05-3.681614466460152e-05j),(-2.4498954199198142e-05-5.3308632548521434e-05j),(3.0923250424022424e-06-5.909889519390635e-05j)
"(49,)",(2.0322117317158378e-05-6.726357548526333e-05j),(-5.843810702297721e-06-6.11386560182371e-05j),(-3.764016370534271e-05-4.725737210668794e-05j),(-5.594906269946885e-05-1.9983965192624025e-05j),(-5.738155602989815e-05+1.0881643174043568e-05j),(-4.4250432195145224e-05+3.6555231326971404e-05j),(-2.236040951652566e-05+5.176746159385117e-05j),(1.7280633530706895e-06+5.536026152911028e-05j),(2.282446219826865e-05+4.9370658856689865e-05j),(3.809651113082065e-05+3.743036646907246e-05j),(4.699954030592769e-05+2.3266209299662373e-05j),(5.057460005799119e-05+9.754239808217021e-06j),(5.05907448205456e-05-1.393638469973748e-06j),(4.885545366793644e-05-9.479670796902556e-06j),(4.681158642748845e-05-1.4454245291749224e-05j),(4.5384216416564734e-05-1.653774219992696e-05j),(4.4972689479225255e-05-1.5946148548132233e-05j),(4.5488102066926866e-05-1.2762038586013546e-05j),(4.638153421278135e-05-6.952884619682078e-06j),(4.666588280662457e-05+1.475830934531458e-06j),(4.498564282195873e-05+1.2218301627339429e-05j),(3.981862018520375e-05+2.435536181349254e-05j),(2.9881213894484634e-05+3.61062913414316e-05j),(1.4734619217014107e-05+4.48193574667831e-05j),(-4.5478934558045955e-06+4.738414314741879e-05j),(-2.4950590222312187e-05+4.11505092285721e-05j),(-4.1706017339776455e-05+2.5209511891219e-05j),(-4.939271401550205e-05+1.588005565366863e-06j),(-4.388226246544457e-05-2.431482886826405e-05j),(-2.0644249917437095e-05-2.6841801913109117e-05j),(-3.735916495043847e-05-2.3884429989531178e-05j),(-4.72450434751499e-05+7.935260755574584e-06j),(-2.5721713055996193e-05+3.8802533370676095e-05j),(1.0452539596193119e-05+4.393345332552524e-05j),(3.797836895039651e-05+2.166066672461622e-05j),(4.03408450579696e-05-1.2500626610904598e-05j),(1.775687297268114e-05-3.661169680681506e-05j),(-1.4025809109273239e-05-3.6483277738014204e-05j),(-3.4669775455980146e-05-1.4061819831917585e-05j),(-3.236996353907569e-05+1.496056349874561e-05j),(-1.0633449146833701e-05+3.209945972869645e-05j),(1.5210727813097296e-05+2.7995847765949223e-05j),(2.880566713188773e-05+7.542059619374578e-06j),(2.3324506452652066e-05-1.4624730003989459e-05j),(4.887476449309238e-06-2.4595078660861713e-05j),(-1.2898035244853186e-05-1.8241029739393972e-05j),(-1.8975339628513708e-05-2.8805018975087223e-06j),(-1.2924359011276816e-05+9.429047916762225e-06j),(-1.9540110169665014e-08-7.435810915516675e-09j),(-3.952792659851998e-08-1.0870152146686692e-08j),(-1.9635895023450895e-08-7.472260969022885e-09j),(-1.292435901127688e-05+9.429047916762242e-06j),(-1.8975339628513715e-05-2.8805018975088214e-06j),(-1.2898035244853057e-05-1.8241029739394057e-05j),(4.88747644930942e-06-2.4595078660861717e-05j),(2.3324506452652106e-05-1.4624730003989206e-05j),(2.8805667131887703e-05+7.542059619374731e-06j),(1.5210727813097091e-05+2.799584776594928e-05j),(-1.0633449146833969e-05+3.2099459728696266e-05j),(-3.236996353907597e-05+1.4960563498745604e-05j),(-3.466977545597992e-05-1.4061819831917555e-05j),(-1.4025809109273154e-05-3.64832777380142e-05j),(1.7756872972681306e-05-3.661169680681502e-05j),(4.034084505796978e-05-1.250062661090441e-05j),(3.797836895039644e-05+2.1660666724616498e-05j),(1.0452539596192783e-05+4.39334533255252e-05j),(-2.5721713055996434e-05+3.880253337067578e-05j),(-4.7245043475150054e-05+7.9352607555741e-06j),(-3.9106393284054664e-05-2.9892392239253374e-05j),(-8.641100280951815e-06-4.601000440676145e-05j),(2.3283473942698008e-05-3.818663138865697e-05j),(3.6758983561285175e-05-3.324108566010688e-05j),(3.067309294544738e-05-4.7773219458274495e-05j),(1.5996098385357282e-06-5.620409316655808e-05j),(-2.6237620442236406e-05-4.9159174628439355e-05j),(-4.5989690683409415e-05-3.0645303425214115e-05j),(-5.443806885770883e-05-6.760862145325608e-06j),(-5.191298578048321e-05+1.659581999754078e-05j),(-4.1165183448892324e-05+3.5260657594253455e-05j),(-2.5902671905534998e-05+4.733815297903381e-05j),(-9.568841957769453e-06+5.292180733803154e-05j),(5.355777940143283e-06+5.338906460522534e-05j),(1.7525127089902464e-05+5.0644690651454916e-05j),(2.6535121652590734e-05+4.654730055774427e-05j),(3.2568837766788976e-05+4.2593215105101656e-05j),(3.603682220973784e-05+3.981646593640116e-05j),(3.72983747174866e-05+3.881273612483294e-05j),(3.6491648937879785e-05+3.979531862570931e-05j),(3.347233729427823e-05+4.2619853314732005e-05j),(2.7858570698623938e-05+4.6754198914027875e-05j),(1.9187925070003504e-05+5.121231551371358e-05j),(7.191578679127987e-06+5.451284023484527e-05j),(-7.836159499040617e-06+5.4756182772831994e-05j),(-2.465372498206304e-05+4.992040596491892e-05j),(-4.0831362281394516e-05+3.843089384095982e-05j),(-5.2865759576032236e-05+1.9945114468660868e-05j),(-5.683571575337221e-05-3.873379143221829e-06j),(-4.962649341593883e-05-2.8973581067368855e-05j),(-3.046601169345538e-05-4.9348133500730675e-05j),(-2.1985402945962164e-06-5.8513674959674076e-05j)
"(50,)",(1.879343827571475e-05-6.759559198005319e-05j),(-5.334513675771035e-06-6.132070591247529e-05j),(-3.587148191459167e-05-4.88070723460519e-05j),(-5.454909618831913e-05-2.398406884035448e-05j),(-5.8410789615306596e-05+4.780670196108689e-06j),(-4.91883865067698e-05+3.0018354060979174e-05j),(-3.147746931482327e-05+4.7096113016764246e-05j),(-1.0582041442083261e-05+5.466146512122765e-05j),(9.13659945876016e-06+5.394930424707423e-05j),(2.5048784966846438e-05+4.758656690082397e-05j),(3.625970387886718e-05+3.846548367711712e-05j),(4.313810293078775e-05+2.9005530057915787e-05j),(4.670512778949846e-05+2.08605213669848e-05j),(4.8111456590293136e-05+1.495712043214407e-05j),(4.829366107356004e-05+1.1695477372435524e-05j),(4.7799898416667695e-05+1.11668986891382e-05j),(4.673263684137478e-05+1.3298439264661353e-05j),(4.47622197432054e-05+1.7886331584113216e-05j),(4.1197009923827695e-05+2.451901103211535e-05j),(3.513041641494359e-05+3.2422704245887866e-05j),(2.5701727556211888e-05+4.029800787523595e-05j),(1.248868597337016e-05+4.6254590467691426e-05j),(-4.014865423912142e-06+4.797497501696995e-05j),(-2.1983742766152806e-05+4.321318877858712e-05j),(-3.8151885117546776e-05+3.0627025266498166e-05j),(-4.827102174682016e-05+1.0752694147149049e-05j),(-4.826884866556487e-05-1.3282164091115129e-05j),(-3.5934586898869075e-05-3.582321995146612e-05j),(-1.2567922196636402e-05-4.9919485408688465e-05j),(5.65089681293534e-06-3.42656468563053e-05j),(-8.272470681368035e-06-4.474351425126612e-05j),(-3.9106393284054806e-05-2.989239223925337e-05j),(-4.724504347515001e-05+7.935260755574482e-06j),(-2.5721713055996254e-05+3.8802533370676095e-05j),(1.045253959619295e-05+4.3933453325525157e-05j),(3.797836895039644e-05+2.1660666724616342e-05j),(4.034084505796971e-05-1.2500626610904442e-05j),(1.7756872972681306e-05-3.661169680681505e-05j),(-1.4025809109273263e-05-3.648327773801442e-05j),(-3.4669775455979746e-05-1.4061819831917441e-05j),(-3.236996353907605e-05+1.4960563498745626e-05j),(-1.0633449146833737e-05+3.209945972869632e-05j),(1.52107278130972e-05+2.7995847765949305e-05j),(2.8805667131887896e-05+7.542059619374722e-06j),(2.3324506452651978e-05-1.4624730003989376e-05j),(4.887476449309337e-06-2.4595078660861764e-05j),(-1.2898035244853157e-05-1.8241029739394e-05j),(-1.8975339628513654e-05-2.8805018975088082e-06j),(-1.292435901127692e-05+9.429047916762266e-06j),(-1.9635895023450895e-08-7.472260969022885e-09j),(-3.95279265985195e-08-1.0870152146686151e-08j),(-1.963589502344797e-08-7.472260969023649e-09j),(-1.292435901127691e-05+9.429047916762234e-06j),(-1.8975339628513698e-05-2.880501897508874e-06j),(-1.289803524485306e-05-1.8241029739394057e-05j),(4.887476449309526e-06-2.4595078660861706e-05j),(2.3324506452652035e-05-1.4624730003989267e-05j),(2.8805667131887652e-05+7.5420596193747286e-06j),(1.5210727813097052e-05+2.7995847765949427e-05j),(-1.063344914683376e-05+3.209945972869639e-05j),(-3.236996353907596e-05+1.4960563498745582e-05j),(-3.46697754559799e-05-1.4061819831917633e-05j),(-1.4025809109273096e-05-3.648327773801425e-05j),(1.7756872972681384e-05-3.661169680681504e-05j),(4.0340845057969805e-05-1.250062661090433e-05j),(3.797836895039637e-05+2.1660666724616528e-05j),(1.0452539596192658e-05+4.393345332552524e-05j),(-2.572171305599661e-05+3.8802533370675885e-05j),(-4.724504347514985e-05+7.935260755574316e-06j),(-3.850597249898556e-05-2.446353684874599e-05j),(-1.1712182545735913e-05-4.2033399600955145e-05j),(7.888369079192274e-07-4.836946237875226e-05j),(-1.3579403046058664e-05-5.37249640273355e-05j),(-3.888919049669584e-05-3.869355025506059e-05j),(-5.241613886089996e-05-1.4367621737735309e-05j),(-5.2588815743388425e-05+1.1769069547603549e-05j),(-4.16753611110588e-05+3.352158490135089e-05j),(-2.405029297082001e-05+4.738197704139344e-05j),(-4.3638635687109315e-06+5.2669293751420974e-05j),(1.3754137126043895e-05+5.0797005726687165e-05j),(2.823827008713493e-05+4.4218519984470374e-05j),(3.8498398015102426e-05+3.5500656887008494e-05j),(4.4975577247380994e-05+2.6751505762415315e-05j),(4.8613277327382735e-05+1.9418500455596566e-05j),(5.041573758738205e-05+1.4347180981789324e-05j),(5.1154342947158375e-05+1.1956547283588078e-05j),(5.12080989417795e-05+1.2410608419434555e-05j),(5.049885098502069e-05+1.5710080112209486e-05j),(4.849567698655717e-05+2.1670822262025044e-05j),(4.429590201523895e-05+2.9793186527890424e-05j),(3.68198897244895e-05+3.9066563006849124e-05j),(2.5160236241795996e-05+4.780126315815809e-05j),(9.08361495797111e-06+5.362556884650839e-05j),(-1.0410398245471672e-05+5.379893224802733e-05j),(-3.069071069561438e-05+4.5931030753004606e-05j),(-4.755983391083314e-05+2.9033964733856184e-05j),(-5.604965756621223e-05+4.596195055941068e-06j),(-5.198842937205244e-05-2.2848654127599074e-05j),(-3.398204838411246e-05-4.622250547615306e-05j),(-5.032158702659453e-06-5.776274265790292e-05j)
"(51,)",(1.9974810988925797e-05-6.718522130685899e-05j),(-2.3084186453067203e-06-6.1668296772265e-05j),(-3.190650083585787e-05-5.169855081792252e-05j),(-5.163129160288255e-05-3.0154250301352632e-05j),(-5.869707704551931e-05-4.008232787357405e-06j),(-5.41559884785344e-05+2.0424951959699538e-05j),(-4.146056539458065e-05+3.9017113508703246e-05j),(-2.479714860541642e-05+5.02069671669228e-05j),(-7.801435190280097e-06+5.4522591897919225e-05j),(7.0909395396054e-06+5.371710313384104e-05j),(1.871459036297607e-05+4.9929123020731916e-05j),(2.68823837206999e-05+4.50985632461671e-05j),(3.196477441125986e-05+4.068475605033767e-05j),(3.45051643379495e-05+3.761591905870782e-05j),(3.494814245798378e-05+3.635780803290213e-05j),(3.349338513218857e-05+3.700269262483609e-05j),(3.0060579734760164e-05+3.931790925655701e-05j),(2.4351633648483274e-05+4.273613250938259e-05j),(1.6007651315394614e-05+4.63095203234855e-05j),(4.860464957078168e-06+4.8685362447753924e-05j),(-8.743068389393365e-06+4.818684620748358e-05j),(-2.3615980564321902e-05+4.308490256698737e-05j),(-3.7543080178667304e-05+3.2104920952311824e-05j),(-4.741324506102734e-05+1.5111121373667559e-05j),(-4.982908080769191e-05-6.235298918601881e-06j),(-4.2208733297988324e-05-2.8183406024333778e-05j),(-2.414076829720635e-05-4.5333120913165725e-05j),(1.5281246700412496e-06-5.200743553522827e-05j),(2.8541288757598317e-05-4.436621041067398e-05j),(2.959377451171427e-05-1.9740108881868075e-05j),(2.7712315304217528e-05-3.7505680041628736e-05j),(-4.994917925624999e-06-5.0256384905478334e-05j),(-3.910639328405494e-05-2.9892392239253367e-05j),(-4.724504347515003e-05+7.9352607555746e-06j),(-2.5721713055996224e-05+3.8802533370676e-05j),(1.0452539596192995e-05+4.393345332552519e-05j),(3.797836895039652e-05+2.166066672461639e-05j),(4.0340845057969784e-05-1.25006266109045e-05j),(1.775687297268132e-05-3.661169680681531e-05j),(-1.4025809109273224e-05-3.648327773801398e-05j),(-3.466977545598007e-05-1.4061819831917602e-05j),(-3.236996353907593e-05+1.496056349874561e-05j),(-1.0633449146833759e-05+3.209945972869633e-05j),(1.52107278130973e-05+2.799584776594949e-05j),(2.880566713188779e-05+7.54205961937461e-06j),(2.332450645265204e-05-1.4624730003989415e-05j),(4.887476449309312e-06-2.459507866086178e-05j),(-1.2898035244853088e-05-1.8241029739393982e-05j),(-1.897533962851377e-05-2.880501897508818e-06j),(-1.292435901127688e-05+9.429047916762242e-06j),(-1.963589502344797e-08-7.472260969023649e-09j),(-3.952792659851979e-08-1.0870152146686499e-08j),(-1.9635895023450733e-08-7.472260969025598e-09j),(-1.2924359011276987e-05+9.429047916762254e-06j),(-1.89753396285138e-05-2.8805018975088764e-06j),(-1.2898035244853083e-05-1.82410297393942e-05j),(4.887476449309429e-06-2.4595078660861825e-05j),(2.332450645265209e-05-1.462473000398933e-05j),(2.8805667131887882e-05+7.542059619374867e-06j),(1.5210727813097337e-05+2.7995847765949488e-05j),(-1.0633449146833798e-05+3.209945972869652e-05j),(-3.236996353907616e-05+1.4960563498745602e-05j),(-3.466977545598009e-05-1.4061819831917765e-05j),(-1.4025809109273154e-05-3.6483277738014475e-05j),(1.77568729726815e-05-3.6611696806815196e-05j),(4.034084505796994e-05-1.2500626610904385e-05j),(3.797836895039655e-05+2.1660666724616677e-05j),(1.0452539596192727e-05+4.393345332552561e-05j),(-2.572171305599644e-05+3.880253337067604e-05j),(-4.2978194589968224e-05+1.1118571996047767e-05j),(-3.771598194563667e-05-1.9624499812441696e-05j),(-3.3929945169439134e-05-3.275695249383315e-05j),(-4.7279357169347544e-05-2.61362550643894e-05j),(-5.342831956172574e-05+1.7724843275805966e-06j),(-4.52796273307843e-05+2.7434060486007406e-05j),(-2.716325216506211e-05+4.490468405885187e-05j),(-4.92380146982887e-06+5.184629676859672e-05j),(1.6205295813244774e-05+4.913830241531341e-05j),(3.284862371571982e-05+3.9624877397404316e-05j),(4.375288990483926e-05+2.6719979221361982e-05j),(4.9350904273553274e-05+1.337552088274999e-05j),(5.103716092934047e-05+1.5955406250200212e-06j),(5.048960507526294e-05-7.578553480214944e-06j),(4.9205392576948286e-05-1.3806865380481399e-05j),(4.826555912379547e-05-1.7109015357920957e-05j),(4.82563263303404e-05-1.7575198245504346e-05j),(4.9256703369444107e-05-1.5198342025637453e-05j),(5.083191952125754e-05-9.852881273062824e-06j),(5.202566429916797e-05-1.4250568819431266e-06j),(5.140109609755094e-05+9.918760443201343e-06j),(4.72212118887236e-05+2.3377603363862297e-05j),(3.785806159862787e-05+3.719335167991071e-05j),(2.245111359370469e-05+4.855143189797107e-05j),(1.6903167272804024e-06+5.3923764661962125e-05j),(-2.158271553309165e-05+4.998832303087741e-05j),(-4.238521375137112e-05+3.5026065044778726e-05j),(-5.458275969164192e-05+1.0359882100343007e-05j),(-5.289347415702118e-05-1.8884012108127117e-05j),(-3.5393284024307144e-05-4.442548328125624e-05j),(-5.473033142155319e-06-5.7204732491062295e-05j)
"(52,)",(2.3807068147882923e-05-6.589541371632607e-05j),(3.242938078754679e-06-6.180855602539295e-05j),(-2.5446117040958668e-05-5.5389989917259676e-05j),(-4.6473112145412e-05-3.798079875067822e-05j),(-5.708857257863767e-05-1.5236758930546557e-05j),(-5.766872488763461e-05+7.557007135057243e-06j),(-5.0632914592582054e-05+2.6712984167184134e-05j),(-3.917883439867456e-05+4.049998948692431e-05j),(-2.628426038203837e-05+4.885096353685019e-05j),(-1.4162224433738832e-05+5.275977736242591e-05j),(-4.138005593209736e-06+5.366193963247596e-05j),(3.1981026047664133e-06+5.296854819441002e-05j),(7.724754864252768e-06+5.179724871510569e-05j),(9.532190698018087e-06+5.086257942716372e-05j),(8.740871855688608e-06+5.045860545398843e-05j),(5.421230919332394e-06+5.047569663160351e-05j),(-3.834490700922748e-07+5.0422280869634035e-05j),(-8.540132726531115e-06+4.94569417296502e-05j),(-1.863609008533784e-05+4.64663486848028e-05j),(-2.9760037319105423e-05+4.024087470765491e-05j),(-4.033448597824083e-05+2.9790724323129986e-05j),(-4.8115644999691694e-05+1.4799434575656512e-05j),(-5.048585133248432e-05-3.873323048039212e-06j),(-4.5109959999268574e-05-2.383122732776942e-05j),(-3.0890437462194986e-05-4.1186614737856283e-05j),(-8.955908460804594e-06-5.1245918456675394e-05j),(1.6766909568556122e-05-4.988454590209541e-05j),(3.989338697338984e-05-3.532989625812809e-05j),(5.312073495072523e-05-9.706886908585783e-06j),(3.5432877788293755e-05+8.328722977996874e-06j),(4.742081930102014e-05-5.489836080851811e-06j),(3.4127666852741166e-05-3.8906706607423896e-05j),(-4.994917925625019e-06-5.0256384905478395e-05j),(-3.9106393284055e-05-2.989239223925337e-05j),(-4.724504347514993e-05+7.935260755574476e-06j),(-2.5721713055996227e-05+3.880253337067601e-05j),(1.0452539596192948e-05+4.393345332552526e-05j),(3.7978368950396576e-05+2.1660666724616447e-05j),(4.034084505797e-05-1.250062661090461e-05j),(1.7756872972681062e-05-3.6611696806814904e-05j),(-1.4025809109273278e-05-3.6483277738014346e-05j),(-3.466977545597995e-05-1.4061819831917561e-05j),(-3.236996353907597e-05+1.4960563498745552e-05j),(-1.0633449146833883e-05+3.209945972869653e-05j),(1.521072781309726e-05+2.7995847765949345e-05j),(2.8805667131887845e-05+7.542059619374676e-06j),(2.3324506452652052e-05-1.4624730003989415e-05j),(4.887476449309378e-06-2.45950786608617e-05j),(-1.2898035244853152e-05-1.82410297393941e-05j),(-1.8975339628513715e-05-2.8805018975088214e-06j),(-1.292435901127691e-05+9.429047916762234e-06j),(-1.9635895023450733e-08-7.472260969025598e-09j),(-3.952792659851952e-08-1.0870152146686242e-08j),(-1.9635895023450528e-08-7.472260969024264e-09j),(-1.2924359011276901e-05+9.429047916762234e-06j),(-1.8975339628513718e-05-2.880501897508886e-06j),(-1.2898035244853112e-05-1.8241029739394006e-05j),(4.887476449309337e-06-2.459507866086166e-05j),(2.3324506452652072e-05-1.4624730003989293e-05j),(2.880566713188784e-05+7.542059619374573e-06j),(1.5210727813097323e-05+2.7995847765949294e-05j),(-1.0633449146833752e-05+3.209945972869637e-05j),(-3.236996353907601e-05+1.4960563498745562e-05j),(-3.466977545597999e-05-1.4061819831917673e-05j),(-1.402580910927313e-05-3.6483277738014285e-05j),(1.7756872972681323e-05-3.6611696806815e-05j),(4.0340845057969764e-05-1.250062661090433e-05j),(3.7978368950396494e-05+2.1660666724616637e-05j),(1.0452539596192929e-05+4.393345332552517e-05j),(-2.0622950208436006e-05+3.788140487381622e-05j),(-3.900615319316994e-05+1.3775366746166404e-05j),(-4.5855294639141956e-05+2.3622247083676926e-06j),(-5.003701667446129e-05+1.619961492110595e-05j),(-3.437809511504011e-05+3.903995528646878e-05j),(-1.0969585429186998e-05+5.031608091708313e-05j),(1.3169758816570856e-05+4.930848025673104e-05j),(3.267781725345262e-05+3.8687172510456506e-05j),(4.4903281809168164e-05+2.2700856980105768e-05j),(4.976082932804173e-05+5.484532061828506e-06j),(4.887351000206338e-05-9.983850986824233e-06j),(4.456037998308929e-05-2.2182303604331276e-05j),(3.9054786593191585e-05-3.0801519553559685e-05j),(3.4091262126351904e-05-3.6256753672016736e-05j),(3.0806710781266184e-05-3.919562826633496e-05j),(2.9813234606970418e-05-4.012897338753774e-05j),(3.1299562852553166e-05-3.921776224247493e-05j),(3.506586766340012e-05-3.620748173951448e-05j),(4.0461757974950327e-05-3.050494722203655e-05j),(4.626638283727482e-05-2.1411575324619073e-05j),(5.0616701460784015e-05-8.524435247524462e-06j),(5.113792007663754e-05+7.73695645566541e-06j),(4.542211545490647e-05+2.562707044711446e-05j),(3.189468821143595e-05+4.1862709320677275e-05j),(1.0892719677873429e-05+5.2018094082780685e-05j),(-1.4482348671364367e-05+5.171535993361018e-05j),(-3.8335441342398796e-05+3.845902317333326e-05j),(-5.325059551593877e-05+1.349792548287028e-05j),(-5.285474177498076e-05-1.7254756869172677e-05j),(-3.491749233606265e-05-4.4156679901364954e-05j),(-3.586563054164459e-06-5.69013978258176e-05j)
"(53,)",(3.0094775973371967e-05-6.32868112061781e-05j),(1.1244027432498716e-05-6.107124848177041e-05j),(-1.6191738141196635e-05-5.900046473181061e-05j),(-3.827398871250296e-05-4.655765064992205e-05j),(-5.225000883119794e-05-2.818189880398565e-05j),(-5.788997013172473e-05-8.226054243081859e-06j),(-5.671035972965296e-05+1.0041022943554155e-05j),(-5.103400333613637e-05+2.4785043326198702e-05j),(-4.32173020105468e-05+3.546124306806143e-05j),(-3.518844786261169e-05+4.241262006820106e-05j),(-2.828564507457005e-05+4.6421951276351434e-05j),(-2.330076958309918e-05+4.834503020330116e-05j),(-2.061642282136027e-05+4.886891105015259e-05j),(-2.034652339404849e-05+4.838418837648566e-05j),(-2.2425646413589925e-05+4.694017674593123e-05j),(-2.662436077226017e-05+4.425780888458476e-05j),(-3.2493126956879365e-05+3.979395644647528e-05j),(-3.925970301634619e-05+3.286979856613461e-05j),(-4.572898682466233e-05+2.2883259183644183e-05j),(-5.02587062428271e-05+9.611424234927303e-06j),(-5.0898667577060634e-05-6.432469671055752e-06j),(-4.576591777327983e-05-2.3686629245043884e-05j),(-3.3663106456019014e-05-3.943594423998563e-05j),(-1.482764518856725e-05-5.010104627718397e-05j),(8.447067530444885e-06-5.2042057019068585e-05j),(3.1681719071136474e-05-4.281764412636624e-05j),(4.8906923303330156e-05-2.2573755370021024e-05j),(5.428807564914084e-05+5.011966515447938e-06j),(4.436488243867596e-05+3.287665246104734e-05j),(1.851191953108229e-05+3.227314080128641e-05j),(3.7212495540327985e-05+3.1596186169688966e-05j),(5.294709286329013e-05-1.6733865719648286e-06j),(3.412766685274124e-05-3.8906706607423835e-05j),(-4.9949179256249425e-06-5.025638490547838e-05j),(-3.9106393284054725e-05-2.9892392239253418e-05j),(-4.724504347514989e-05+7.93526075557434e-06j),(-2.5721713055996366e-05+3.8802533370675885e-05j),(1.0452539596192817e-05+4.3933453325525285e-05j),(3.797836895039669e-05+2.1660666724616576e-05j),(4.034084505796947e-05-1.2500626610904403e-05j),(1.7756872972681353e-05-3.6611696806815135e-05j),(-1.4025809109273117e-05-3.648327773801419e-05j),(-3.4669775455979855e-05-1.4061819831917685e-05j),(-3.236996353907619e-05+1.4960563498745514e-05j),(-1.0633449146833845e-05+3.209945972869631e-05j),(1.5210727813097174e-05+2.7995847765949427e-05j),(2.880566713188779e-05+7.542059619374736e-06j),(2.3324506452652025e-05-1.4624730003989228e-05j),(4.8874764493094675e-06-2.459507866086179e-05j),(-1.2898035244853057e-05-1.8241029739394057e-05j),(-1.8975339628513698e-05-2.880501897508874e-06j),(-1.2924359011276987e-05+9.429047916762254e-06j),(-1.9635895023450528e-08-7.472260969024264e-09j),(-3.952792659851962e-08-1.0870152146686131e-08j),(-1.9635895023450618e-08-7.472260969024693e-09j),(-1.292435901127697e-05+9.429047916762267e-06j),(-1.8975339628513762e-05-2.8805018975087837e-06j),(-1.2898035244853168e-05-1.8241029739394e-05j),(4.8874764493094015e-06-2.4595078660861835e-05j),(2.3324506452652055e-05-1.462473000398955e-05j),(2.8805667131887937e-05+7.542059619374547e-06j),(1.5210727813097372e-05+2.7995847765949423e-05j),(-1.0633449146833798e-05+3.209945972869653e-05j),(-3.236996353907616e-05+1.4960563498745665e-05j),(-3.4669775455980126e-05-1.4061819831917694e-05j),(-1.4025809109273205e-05-3.6483277738014346e-05j),(1.7756872972681404e-05-3.661169680681516e-05j),(4.034084505797006e-05-1.2500626610904434e-05j),(3.797836895039664e-05+2.1660666724616393e-05j),(1.3179508940036198e-05+3.9700751160795534e-05j),(-1.6094438020681794e-05+3.682149521385832e-05j),(-2.875703179161288e-05+3.4137178085443665e-05j),(-2.176499400641028e-05+4.626151767972661e-05j),(4.703420497596835e-06+5.032082711663609e-05j),(2.806365582678462e-05+4.1398627972899564e-05j),(4.332831082381173e-05+2.404783656071295e-05j),(4.902310631765664e-05+3.758178549021825e-06j),(4.6510401334962605e-05-1.4957553035319323e-05j),(3.865534486647882e-05-2.9499152790895052e-05j),(2.854393941582677e-05-3.9179385424272134e-05j),(1.8665536452557284e-05-4.465738528727706e-05j),(1.0633217357827791e-05-4.721846732873423e-05j),(5.291992081506779e-06-4.8177085268935965e-05j),(2.9940176961820755e-06-4.849951122142785e-05j),(3.8548276057924984e-06-4.861654635425568e-05j),(7.87698531575099e-06-4.835628605675534e-05j),(1.4895598970137117e-05-4.695645331678751e-05j),(2.435922046500818e-05-4.3177206730199836e-05j),(3.502583055381959e-05-3.558474562759238e-05j),(4.473366608397597e-05-2.3069915508885464e-05j),(5.04729045461426e-05-5.572796261547035e-06j),(4.8971863166902276e-05+1.518989697047239e-05j),(3.785164929432807e-05+3.5381472111676656e-05j),(1.708722188793665e-05+4.9531917621594646e-05j),(-9.850069260436535e-06+5.209780585763091e-05j),(-3.5978886192856626e-05+3.9841838342462555e-05j),(-5.2504867440452466e-05+1.4152963013587349e-05j),(-5.209184911672587e-05-1.7972241391499607e-05j),(-3.259459716998588e-05-4.536106711987196e-05j),(5.759469466239752e-07-5.66290395289332e-05j)
"(54,)",(3.842734399194365e-05-5.8669826512856464e-05j),(2.1407436451308048e-05-5.8531499102764765e-05j),(-4.035592422274516e-06-6.129850933238059e-05j),(-2.639197167492025e-05-5.449085765642859e-05j),(-4.2928611289774516e-05-4.144508580723905e-05j),(-5.291560624243203e-05-2.5660948107016753e-05j),(-5.7101251634009725e-05-9.985987393814826e-06j),(-5.703050302152227e-05+3.726026587325725e-06j),(-5.44511012150654e-05+1.4580510997176421e-05j),(-5.09210543462625e-05+2.239516780123805e-05j),(-4.762197531653253e-05+2.739098481655116e-05j),(-4.532110061608861e-05+2.991962089600887e-05j),(-4.4408184374064585e-05+3.0271787715146043e-05j),(-4.494585586458653e-05+2.857484547448677e-05j),(-4.66970962293816e-05+2.4772682201482685e-05j),(-4.912102177376083e-05+1.868077042967967e-05j),(-5.1354124625034254e-05+1.011362839347894e-05j),(-5.2216896348552344e-05-9.199286695437968e-07j),(-5.030156838921718e-05-1.3974496669070294e-05j),(-4.4196873518612364e-05-2.7932271335878644e-05j),(-3.287805555719287e-05-4.0869114583996125e-05j),(-1.6225892341105174e-05-5.01484837316769e-05j),(4.457220754730386e-06-5.2857653630220524e-05j),(2.6162631944560206e-05-4.661759409050101e-05j),(4.4392169230174997e-05-3.063672479299611e-05j),(5.4068820002483624e-05-6.678153444500414e-06j),(5.110368380677659e-05+2.053916232560391e-05j),(3.423693964653026e-05+4.3963921957792404e-05j),(6.443940938150177e-06+5.604179558923209e-05j),(-1.1169804805039099e-05+3.631625202539173e-05j),(2.37358935383091e-06+4.9816309264598975e-05j),(3.821764614251985e-05+3.838440471164752e-05j),(5.2947092863290164e-05-1.6733865719649057e-06j),(3.4127666852741166e-05-3.8906706607423875e-05j),(-4.9949179256249095e-06-5.025638490547819e-05j),(-3.910639328405473e-05-2.9892392239253357e-05j),(-4.724504347514994e-05+7.93526075557435e-06j),(-2.5721713055996373e-05+3.880253337067593e-05j),(1.0452539596192954e-05+4.3933453325525475e-05j),(3.797836895039627e-05+2.1660666724616237e-05j),(4.0340845057969845e-05-1.2500626610904502e-05j),(1.7756872972681228e-05-3.661169680681498e-05j),(-1.4025809109273091e-05-3.6483277738014176e-05j),(-3.466977545598006e-05-1.4061819831917751e-05j),(-3.236996353907598e-05+1.4960563498745514e-05j),(-1.0633449146833867e-05+3.209945972869638e-05j),(1.5210727813097201e-05+2.7995847765949393e-05j),(2.880566713188768e-05+7.542059619374752e-06j),(2.3324506452652137e-05-1.4624730003989321e-05j),(4.88747644930942e-06-2.4595078660861717e-05j),(-1.289803524485306e-05-1.8241029739394057e-05j),(-1.89753396285138e-05-2.8805018975088764e-06j),(-1.2924359011276901e-05+9.429047916762234e-06j),(-1.9635895023450618e-08-7.472260969024693e-09j),(-3.9527926598519434e-08-1.0870152146685923e-08j),(-1.963589502345024e-08-7.472260969024767e-09j),(-1.2924359011276803e-05+9.429047916762234e-06j),(-1.89753396285136e-05-2.8805018975087223e-06j),(-1.2898035244853098e-05-1.824102973939397e-05j),(4.8874764493091745e-06-2.459507866086172e-05j),(2.3324506452651852e-05-1.462473000398947e-05j),(2.8805667131887744e-05+7.542059619374525e-06j),(1.521072781309727e-05+2.7995847765949254e-05j),(-1.0633449146833727e-05+3.209945972869633e-05j),(-3.236996353907593e-05+1.4960563498745557e-05j),(-3.466977545597985e-05-1.4061819831917561e-05j),(-1.402580910927311e-05-3.648327773801414e-05j),(1.7756872972681333e-05-3.6611696806815026e-05j),(4.0340845057969534e-05-1.2500626610904556e-05j),(3.678202231284499e-05+1.692495032001051e-05j),(1.5430791264853206e-05+3.578188063128483e-05j),(5.1503583844488195e-06+4.3009409772838655e-05j),(1.8310973104470266e-05+4.6111729887394305e-05j),(3.863432905278466e-05+3.0168569140967394e-05j),(4.7821711181768276e-05+8.00771263879903e-06j),(4.5968206539682205e-05-1.3924346861344735e-05j),(3.6061087049317e-05-3.115366244981362e-05j),(2.2141120124514028e-05-4.186945398690274e-05j),(7.798727903184597e-06-4.651009451833788e-05j),(-4.589559174760522e-06-4.681758011534819e-05j),(-1.3919322666076499e-05-4.48988887944901e-05j),(-1.998773730242358e-05-4.2590721673400466e-05j),(-2.2998477830889784e-05-4.1167041303378876e-05j),(-2.3152088905769958e-05-4.1272757282958964e-05j),(-2.0422161076840578e-05-4.293328721869657e-05j),(-1.4550309395091969e-05-4.554391217213075e-05j),(-5.265109550387256e-06-4.783895720067862e-05j),(7.299217834374659e-06-4.79393065541188e-05j),(2.208106358355436e-05-4.3636331535641456e-05j),(3.668226649296413e-05-3.3040518560747675e-05j),(4.739266872883009e-05-1.5563963554086776e-05j),(4.99496322690158e-05+7.0638617254703915e-06j),(4.1088509034619466e-05+3.030866116691516e-05j),(2.048037888769912e-05+4.748402495751152e-05j),(-7.82965804318624e-06+5.181893838482325e-05j),(-3.554596087052555e-05+3.9497381408739916e-05j),(-5.244703952571531e-05+1.2422230832964594e-05j),(-5.052074132903329e-05-2.0932147852351925e-05j),(-2.82962519050623e-05-4.773921324563203e-05j),(6.934538260061002e-06-5.5894752385232225e-05j)
"(55,)",(4.8065172659995264e-05-5.1210894677635606e-05j),(3.3073941608810265e-05-5.31151171894374e-05j),(1.0696161431352656e-05-6.076924728359912e-05j),(-1.0670279536561902e-05-5.9902862132728885e-05j),(-2.8368961443649063e-05-5.2871616376780144e-05j),(-4.129094126676453e-05-4.2389269974832566e-05j),(-4.954814390219327e-05-3.086287346261816e-05j),(-5.399470903842613e-05-2.0066167283245315e-05j),(-5.5776772322333815e-05-1.1094140375908272e-05j),(-5.600241028822793e-05-4.4892108662613965e-06j),(-5.554751687737399e-05-4.3195479940316295e-07j),(-5.496865948973586e-05+1.0806320794888482e-06j),(-5.448020983816511e-05+1.1213509539358391e-07j),(-5.396086229267261e-05-3.263973298351311e-06j),(-5.297344845132729e-05-8.940867023926181e-06j),(-5.0803519169495434e-05-1.6688170427089298e-05j),(-4.6540386179081014e-05-2.6012866604715527e-05j),(-3.9233193216497064e-05-3.600606370148919e-05j),(-2.8146977286040953e-05-4.5234058863365694e-05j),(-1.3112808858156226e-05-5.1754847263286486e-05j),(5.089387269359219e-06-5.334655741510857e-05j),(2.4445588944453705e-05-4.80012703190871e-05j),(4.1703674313998245e-05-3.4651352683992454e-05j),(5.2829337269072105e-05-1.396242075424651e-05j),(5.39970463253296e-05+1.1111301743938737e-05j),(4.2980208707282195e-05+3.5381976500757695e-05j),(2.053693553367243e-05+5.238093909727112e-05j),(-8.819754174850247e-06+5.621323946007018e-05j),(-3.7275722337635024e-05+4.388423392684847e-05j),(-3.485479078958297e-05+1.697539541624014e-05j),(-3.5497649003018654e-05+3.648862120463284e-05j),(-1.9898094053398467e-06+5.5296832420230484e-05j),(3.8217646142519735e-05+3.8384404711647655e-05j),(5.294709286329017e-05-1.6733865719647231e-06j),(3.412766685274125e-05-3.8906706607423625e-05j),(-4.99491792562474e-06-5.025638490547821e-05j),(-3.910639328405463e-05-2.9892392239253557e-05j),(-4.724504347514999e-05+7.935260755574135e-06j),(-2.5721713055996606e-05+3.880253337067606e-05j),(1.0452539596192731e-05+4.393345332552499e-05j),(3.797836895039655e-05+2.1660666724616586e-05j),(4.034084505796972e-05-1.250062661090431e-05j),(1.7756872972681424e-05-3.6611696806814904e-05j),(-1.4025809109273015e-05-3.648327773801445e-05j),(-3.4669775455979855e-05-1.4061819831917756e-05j),(-3.236996353907611e-05+1.4960563498745424e-05j),(-1.0633449146833969e-05+3.209945972869633e-05j),(1.5210727813096976e-05+2.799584776594939e-05j),(2.8805667131887815e-05+7.542059619374897e-06j),(2.3324506452652106e-05-1.4624730003989206e-05j),(4.887476449309526e-06-2.4595078660861706e-05j),(-1.2898035244853083e-05-1.82410297393942e-05j),(-1.8975339628513718e-05-2.880501897508886e-06j),(-1.292435901127697e-05+9.429047916762267e-06j),(-1.963589502345024e-08-7.472260969024767e-09j),(-3.95279265985194e-08-1.0870152146685817e-08j),(-1.9635895023449466e-08-7.47226096902528e-09j),(-1.2924359011276821e-05+9.429047916762272e-06j),(-1.8975339628513745e-05-2.880501897508798e-06j),(-1.2898035244853278e-05-1.824102973939397e-05j),(4.887476449309193e-06-2.45950786608618e-05j),(2.3324506452651994e-05-1.4624730003989484e-05j),(2.880566713188787e-05+7.5420596193746125e-06j),(1.5210727813097316e-05+2.7995847765949423e-05j),(-1.0633449146833811e-05+3.209945972869646e-05j),(-3.236996353907602e-05+1.4960563498745592e-05j),(-3.4669775455979977e-05-1.4061819831917688e-05j),(-1.4025809109273154e-05-3.648327773801444e-05j),(1.775687297268117e-05-3.661169680681512e-05j),(3.619870941381102e-05-1.4782494695266308e-05j),(3.5494763966714085e-05+1.2734059439024207e-05j),(3.384283361380246e-05+2.4799500685341868e-05j),(4.471169424798538e-05+1.7613123440837148e-05j),(4.690840313592484e-05-7.13686392016665e-06j),(3.758093570416117e-05-2.808271011804808e-05j),(2.1401302456881535e-05-4.124093266973997e-05j),(3.4088484332802757e-06-4.5975568277184295e-05j),(-1.2638675977093079e-05-4.405789192937456e-05j),(-2.4863818151473103e-05-3.830104523182e-05j),(-3.301367127668306e-05-3.1435066683668874e-05j),(-3.7787881367771866e-05-2.5513461521147133e-05j),(-4.014231425493301e-05-2.1802185499488307e-05j),(-4.0778412982914774e-05-2.0927837803695805e-05j),(-3.986465222273265e-05-2.30500379851151e-05j),(-3.6967239940705224e-05-2.790452192531414e-05j),(-3.1183126264737966e-05-3.467832986216406e-05j),(-2.1506689253760736e-05-4.180070007205851e-05j),(-7.445946530079883e-06-4.684708393326985e-05j),(1.021369685645763e-05-4.6815450123275626e-05j),(2.8798373767605392e-05-3.896675887523213e-05j),(4.374976539728501e-05-2.2166037028763703e-05j),(4.965624632876452e-05+1.7383907485937136e-06j),(4.2335070177619806e-05+2.730282184020859e-05j),(2.1331347894327708e-05+4.644194547212402e-05j),(-8.405352040508732e-06+5.1188780419743794e-05j),(-3.6995599325645346e-05+3.749435187397943e-05j),(-5.2846765211963064e-05+8.33027281040834e-06j),(-4.7778270353246764e-05-2.590027737487957e-05j),(-2.179084781804841e-05-5.073014686755077e-05j),(1.5286968279204364e-05-5.396814367330908e-05j)
"(56,)",(5.782665621293456e-05-4.011423594273832e-05j),(4.5062403238379485e-05-4.379748786702029e-05j),(2.699289805855881e-05-5.5814340392605946e-05j),(8.194070926047761e-06-6.061950601588627e-05j),(-8.82590620420516e-06-5.971119702949275e-05j),(-2.2704769356443853e-05-5.507489888790542e-05j),(-3.30504111087007e-05-4.864577516392434e-05j),(-4.012071262265106e-05-4.200320662219032e-05j),(-4.449232384732647e-05-3.6269373666339916e-05j),(-4.679374232354923e-05-3.214129153198544e-05j),(-4.752665921442387e-05-2.998138250933518e-05j),(-4.6968112876149584e-05-2.990833647975712e-05j),(-4.5135326524666566e-05-3.18528769889414e-05j),(-4.179929235383868e-05-3.5564098601566975e-05j),(-3.6544260584775974e-05-4.0569694181647485e-05j),(-2.8880593554543567e-05-4.610963294192344e-05j),(-1.842096808727039e-05-5.107960471392179e-05j),(-5.11872429169429e-06-5.403639288172629e-05j),(1.0460929986417507e-05-5.3325483943708134e-05j),(2.690812149171326e-05-4.7379957260228673e-05j),(4.1887827237117214e-05-3.5196740751811025e-05j),(5.234430228778965e-05-1.691740216371167e-05j),(5.508732979195419e-05+5.659968416642576e-06j),(4.774561186598885e-05+2.889430794983744e-05j),(2.9893300833539906e-05+4.7704125600846966e-05j),(3.963105046725051e-06+5.66991556752994e-05j),(-2.4548207141459946e-05+5.191424646743544e-05j),(-4.799016109506445e-05+3.2671393789352695e-05j),(-5.865567285852792e-05+2.814757170013121e-06j),(-3.690941210174496e-05-1.4145659699537084e-05j),(-5.190966331470631e-05-1.0431816517894913e-06j),(-4.262102352637151e-05+3.705250637574758e-05j),(-1.9898094053396167e-06+5.5296832420230456e-05j),(3.8217646142519925e-05+3.838440471164746e-05j),(5.294709286328996e-05-1.6733865719649482e-06j),(3.412766685274101e-05-3.8906706607423706e-05j),(-4.994917925624879e-06-5.025638490547816e-05j),(-3.910639328405473e-05-2.9892392239253448e-05j),(-4.724504347515014e-05+7.935260755574445e-06j),(-2.5721713055996034e-05+3.880253337067571e-05j),(1.0452539596193022e-05+4.3933453325525265e-05j),(3.797836895039642e-05+2.1660666724616284e-05j),(4.034084505796963e-05-1.2500626610904434e-05j),(1.7756872972681374e-05-3.6611696806815135e-05j),(-1.4025809109273149e-05-3.648327773801413e-05j),(-3.466977545597993e-05-1.4061819831917622e-05j),(-3.2369963539075995e-05+1.496056349874554e-05j),(-1.063344914683386e-05+3.2099459728696205e-05j),(1.521072781309717e-05+2.799584776594944e-05j),(2.8805667131887703e-05+7.542059619374731e-06j),(2.3324506452652035e-05-1.4624730003989267e-05j),(4.887476449309429e-06-2.4595078660861825e-05j),(-1.2898035244853112e-05-1.8241029739394006e-05j),(-1.8975339628513762e-05-2.8805018975087837e-06j),(-1.2924359011276803e-05+9.429047916762234e-06j),(-1.9635895023449466e-08-7.47226096902528e-09j),(-3.9527926598519765e-08-1.087015214668645e-08j),(-1.963589502345018e-08-7.472260969024913e-09j),(-1.2924359011276887e-05+9.429047916762284e-06j),(-1.897533962851376e-05-2.8805018975086642e-06j),(-1.2898035244853271e-05-1.8241029739393938e-05j),(4.887476449309231e-06-2.4595078660861805e-05j),(2.3324506452652025e-05-1.4624730003989482e-05j),(2.8805667131887903e-05+7.542059619374618e-06j),(1.5210727813097316e-05+2.7995847765949406e-05j),(-1.0633449146833781e-05+3.20994597286964e-05j),(-3.2369963539076056e-05+1.496056349874556e-05j),(-3.466977545598008e-05-1.4061819831917763e-05j),(-1.4025809109273308e-05-3.648327773801418e-05j),(1.3415208730771138e-05-3.519046173754415e-05j),(3.238301533374089e-05-1.6641423167389634e-05j),(3.984529973857535e-05-7.531026751232426e-06j),(4.198186086774219e-05-1.986698859903666e-05j),(2.6127581321383245e-05-3.764870415076728e-05j),(5.567911943055117e-06-4.494729214144645e-05j),(-1.3929056963814166e-05-4.263031694360765e-05j),(-2.881883053725154e-05-3.391620021984981e-05j),(-3.808607177387232e-05-2.2567697880408162e-05j),(-4.2578332428671414e-05-1.1632605380843292e-05j),(-4.4006091703769956e-05-2.981392653660585e-06j),(-4.409244680081342e-05+2.5354644964218894e-06j),(-4.4056720386888244e-05+4.658182119439224e-06j),(-4.438300960633479e-05+3.3255238681878685e-06j),(-4.4748381075087134e-05-1.4936835530765749e-06j),(-4.4046075831240245e-05-9.677557663628485e-06j),(-4.0557857591562826e-05-2.057392962183225e-05j),(-3.240933150708452e-05-3.252882640034915e-05j),(-1.8393391462326908e-05-4.262026632196218e-05j),(9.703278681315774e-07-4.697252440955587e-05j),(2.259008539659119e-05-4.190304420561696e-05j),(4.083881266186956e-05-2.5754625857183455e-05j),(4.900395560767077e-05-6.975201029057481e-07j),(4.206386133315166e-05+2.6621971317954543e-05j),(1.9794173849833503e-05+4.655692325407045e-05j),(-1.1479293800944495e-05+5.01341741888225e-05j),(-4.00334658863679e-05+3.365330873410731e-05j),(-5.315502970102236e-05+1.878584229031294e-06j),(-4.3283941826494146e-05-3.244404437736326e-05j),(-1.2864673568976683e-05-5.3486106892658905e-05j),(2.5178656208898203e-05-4.9951488242043444e-05j)
"(57,)",(6.603150546714984e-05-2.4890340908001766e-05j),(5.5595908657568065e-05-2.9909925000146115e-05j),(4.298671557005684e-05-4.5118425496110206e-05j),(2.8349130714892455e-05-5.460030354385154e-05j),(1.3967021236925001e-05-5.911789490973956e-05j),(1.3263935221272344e-06-5.9981055707861854e-05j),(-8.820485060184447e-06-5.8618355403774654e-05j),(-1.625981868522779e-05-5.62985969260102e-05j),(-2.1088384107561325e-05-5.399459615212943e-05j),(-2.351560305581208e-05-5.234723343103217e-05j),(-2.3724486046643768e-05-5.1680761968113076e-05j),(-2.17982964251967e-05-5.202992386423173e-05j),(-1.771024693028744e-05-5.315627705750944e-05j),(-1.1372258197974119e-05-5.454959522767494e-05j),(-2.739479496412173e-06-5.542772484361214e-05j),(8.036348319733168e-06-5.4763312110189666e-05j),(2.0424096692334284e-05-5.137541769997289e-05j),(3.334279903020034e-05-4.4122615694438354e-05j),(4.507268884928884e-05-3.221432969633198e-05j),(5.333671936573146e-05-1.5613498778521375e-05j),(5.563486532378682e-05+4.560905836013642e-06j),(4.986099936190521e-05+2.579090785371317e-05j),(3.512626603681502e-05+4.427274369300842e-05j),(1.257198707585485e-05+5.554713846473576e-05j),(-1.4168471448239426e-05+5.566818333997833e-05j),(-3.922784345984097e-05+4.269829631298658e-05j),(-5.57126896644391e-05+1.8056970314453292e-05j),(-5.77633846883141e-05-1.2909651307494007e-05j),(-4.293077298434499e-05-4.169497816966325e-05j),(-1.514624315300124e-05-3.731458054847234e-05j),(-3.53432932159994e-05-3.937952796949187e-05j),(-5.728608930114852e-05-5.9563718425717155e-06j),(-4.262102352637145e-05+3.705250637574755e-05j),(-1.9898094053395235e-06+5.529683242023038e-05j),(3.8217646142519715e-05+3.838440471164724e-05j),(5.2947092863289784e-05-1.673386571964914e-06j),(3.412766685274103e-05-3.890670660742362e-05j),(-4.9949179256248595e-06-5.025638490547813e-05j),(-3.910639328405487e-05-2.9892392239253424e-05j),(-4.7245043475149464e-05+7.935260755574413e-06j),(-2.5721713055996217e-05+3.8802533370675946e-05j),(1.0452539596192941e-05+4.3933453325524974e-05j),(3.79783689503963e-05+2.1660666724616294e-05j),(4.0340845057969764e-05-1.2500626610904434e-05j),(1.7756872972681167e-05-3.66116968068149e-05j),(-1.4025809109273135e-05-3.648327773801414e-05j),(-3.4669775455979855e-05-1.4061819831917583e-05j),(-3.2369963539075826e-05+1.4960563498745362e-05j),(-1.0633449146833872e-05+3.20994597286963e-05j),(1.5210727813097091e-05+2.799584776594928e-05j),(2.8805667131887652e-05+7.5420596193747286e-06j),(2.332450645265209e-05-1.462473000398933e-05j),(4.887476449309337e-06-2.459507866086166e-05j),(-1.2898035244853168e-05-1.8241029739394e-05j),(-1.89753396285136e-05-2.8805018975087223e-06j),(-1.2924359011276821e-05+9.429047916762272e-06j),(-1.963589502345018e-08-7.472260969024913e-09j),(-3.952792659851888e-08-1.0870152146685809e-08j),(-1.963589502345068e-08-7.472260969024746e-09j),(-1.2924359011276698e-05+9.429047916762244e-06j),(-1.8975339628513542e-05-2.880501897508654e-06j),(-1.2898035244853088e-05-1.82410297393938e-05j),(4.887476449309242e-06-2.4595078660861564e-05j),(2.3324506452651835e-05-1.4624730003989304e-05j),(2.8805667131887578e-05+7.542059619374594e-06j),(1.52107278130971e-05+2.79958477659491e-05j),(-1.063344914683375e-05+3.209945972869607e-05j),(-3.236996353907585e-05+1.4960563498745379e-05j),(-3.466977545597964e-05-1.4061819831917406e-05j),(-1.587871737166119e-05-3.249051129357262e-05j),(9.587000420574986e-06-3.372274424764422e-05j),(2.0926221342193153e-05-3.302215487731554e-05j),(1.3739481426976477e-05-4.261770703092691e-05j),(-9.00566897099287e-06-4.321942534832619e-05j),(-2.743083788549121e-05-3.390522963668447e-05j),(-3.8598683554808614e-05-1.9361300833749242e-05j),(-4.2670857089871335e-05-4.0947120774124055e-06j),(-4.173313818520681e-05+8.886709018829895e-06j),(-3.844951763570168e-05+1.8306702302366538e-05j),(-3.512133648632856e-05+2.4121489710972553e-05j),(-3.32825775812273e-05+2.6783636921183727e-05j),(-3.365065312799806e-05+2.663216098369957e-05j),(-3.616951117875656e-05+2.3579296568738564e-05j),(-3.998203593668568e-05+1.7144960129190183e-05j),(-4.335651544814382e-05+6.844078443259465e-06j),(-4.3772773080941955e-05-7.130432849178269e-06j),(-3.844650506769732e-05-2.3141671490220043e-05j),(-2.5434319598990357e-05-3.7686135083979306e-05j),(-5.088325334431945e-06-4.584145133715264e-05j),(1.8838986692368382e-05-4.288470236877013e-05j),(3.937814763714793e-05-2.6761481091773763e-05j),(4.8427329887333144e-05-3.1381014267610854e-07j),(4.039493654905247e-05+2.823512795062753e-05j),(1.5870792712152565e-05+4.759656930043956e-05j),(-1.6858815471188e-05+4.822473586788852e-05j),(-4.408199702907962e-05+2.7620399328854234e-05j),(-5.252594947543308e-05-6.835255207620774e-06j),(-3.6354281781638426e-05-3.9832189471012224e-05j),(-1.497416315459983e-06-5.487405575209747e-05j),(3.576439772421371e-05-4.29163848373811e-05j)
"(58,)",(7.057130702471143e-05-5.693848534094123e-06j),(6.238829229967746e-05-1.1528001705452803e-05j),(5.5975691308858e-05-2.8162756915952326e-05j),(4.6719256414196677e-05-4.060294144767854e-05j),(3.660144021108636e-05-4.899632762338693e-05j),(2.709568396883518e-05-5.40356161529985e-05j),(1.9149601838640202e-05-5.6624385431454594e-05j),(1.328057494117238e-05-5.763286072705025e-05j),(9.711558912821365e-06-5.774930518954772e-05j),(8.495856420955628e-06-5.7406846179431306e-05j),(9.601689800404278e-06-5.675853569545337e-05j),(1.2944216897195002e-05-5.567928304157982e-05j),(1.8363552251657534e-05-5.378563088618528e-05j),(2.5555286468595683e-05-5.047811888084144e-05j),(3.396889421226232e-05-4.502213822662913e-05j),(4.270207330132782e-05-3.6687661956991015e-05j),(5.043508631014834e-05-2.496147965726961e-05j),(5.546345553382997e-05-9.823538410096506e-06j),(5.588966644252666e-05+7.958897908373323e-06j),(5.001178171151465e-05+2.6612348587561162e-05j),(3.6889052391284005e-05+4.3344588904142835e-05j),(1.6973881769872398e-05+5.467177481083687e-05j),(-7.401092962332468e-06+5.715693359786193e-05j),(-3.195640372632649e-05+4.849408568674415e-05j),(-5.106551926876168e-05+2.8681410238513955e-05j),(-5.9100304805421496e-05+8.500423412220363e-07j),(-5.2305967498504666e-05-2.8746630843693143e-05j),(-3.064929455759236e-05-5.192985608469255e-05j),(1.1454298754556744e-06-6.093708009920847e-05j),(1.722835290005847e-05-3.7206869823686e-05j),(4.727802621063296e-06-5.368178097335178e-05j),(-3.542476645284151e-05-4.679732032890007e-05j),(-5.728608930114872e-05-5.956371842571886e-06j),(-4.262102352637164e-05+3.705250637574757e-05j),(-1.989809405339702e-06+5.5296832420230355e-05j),(3.821764614251966e-05+3.83844047116475e-05j),(5.2947092863290015e-05-1.6733865719646952e-06j),(3.412766685274131e-05-3.890670660742365e-05j),(-4.9949179256247935e-06-5.025638490547852e-05j),(-3.910639328405453e-05-2.9892392239253238e-05j),(-4.724504347515006e-05+7.935260755574328e-06j),(-2.5721713055996288e-05+3.880253337067583e-05j),(1.0452539596192756e-05+4.393345332552518e-05j),(3.7978368950396535e-05+2.1660666724616654e-05j),(4.034084505796972e-05-1.2500626610904358e-05j),(1.7756872972681397e-05-3.661169680681502e-05j),(-1.4025809109273085e-05-3.6483277738014285e-05j),(-3.466977545597976e-05-1.4061819831917793e-05j),(-3.2369963539076144e-05+1.4960563498745404e-05j),(-1.0633449146833969e-05+3.2099459728696266e-05j),(1.5210727813097052e-05+2.7995847765949427e-05j),(2.8805667131887882e-05+7.542059619374867e-06j),(2.3324506452652072e-05-1.4624730003989293e-05j),(4.8874764493094015e-06-2.4595078660861835e-05j),(-1.2898035244853098e-05-1.824102973939397e-05j),(-1.8975339628513745e-05-2.880501897508798e-06j),(-1.2924359011276887e-05+9.429047916762284e-06j),(-1.963589502345068e-08-7.472260969024746e-09j),(-3.952792659851874e-08-1.0870152146685724e-08j),(-1.957193445333347e-08-7.447921356747607e-09j),(-1.2924359011276826e-05+9.429047916762239e-06j),(-1.8975339628513657e-05-2.8805018975088006e-06j),(-1.2898035244853068e-05-1.8241029739394013e-05j),(4.887476449309421e-06-2.4595078660861706e-05j),(2.3324506452652052e-05-1.4624730003989254e-05j),(2.880566713188767e-05+7.542059619374778e-06j),(1.5210727813096996e-05+2.799584776594938e-05j),(-1.0633449146834069e-05+3.2099459728696286e-05j),(-3.23699635390759e-05+1.496056349874539e-05j),(-3.307954598325681e-05-1.0143681781761033e-05j),(-1.7363075539484444e-05-2.882992065650598e-05j),(-9.453724685298406e-06-3.6372983945817906e-05j),(-2.081244080601498e-05-3.76804931089231e-05j),(-3.605038344487064e-05-2.232919668313574e-05j),(-4.170336496608424e-05-3.7655769891830064e-06j),(-3.9364603496505154e-05+1.3020552422246145e-05j),(-3.239539548100612e-05+2.5424754512550223e-05j),(-2.422206283456838e-05+3.311841873775574e-05j),(-1.737374176663466e-05+3.7141941035359055e-05j),(-1.330589259394897e-05+3.887369302385827e-05j),(-1.2665253821085025e-05+3.9272756253892875e-05j),(-1.55806012831237e-05+3.848670344835519e-05j),(-2.1705305875450622e-05+3.5780887938703114e-05j),(-2.996480677714219e-05+2.9785189395287177e-05j),(-3.8205322408602404e-05+1.912265405437995e-05j),(-4.313917388252523e-05+3.410858784161695e-06j),(-4.101461970933329e-05-1.5651431236138646e-05j),(-2.915961096653319e-05-3.374355457733412e-05j),(-7.95618332177562e-06-4.4657209504142383e-05j),(1.7826097355428676e-05-4.260172424924115e-05j),(3.958124206123919e-05-2.5436350358159776e-05j),(4.787722311433401e-05+2.787054646850542e-06j),(3.709684446589476e-05+3.1856910452725575e-05j),(9.468045549246663e-06+4.895532295254426e-05j),(-2.416285685904073e-05+4.473640328066001e-05j),(-4.822750332510266e-05+1.901241555132533e-05j),(-4.988075518976618e-05-1.7444588012680384e-05j),(-2.6388465897893834e-05-4.694270206755666e-05j),(1.1923949525050574e-05-5.3549821567480075e-05j),(4.5709338293831064e-05-3.212771675426201e-05j)
"(59,)",(6.91769564609909e-05+1.6333067665409027e-05j),(6.296906174499296e-05+1.0142854628235946e-05j),(6.276272607881776e-05-5.7828599692093926e-06j),(5.934517560420047e-05-1.8956276117333658e-05j),(5.432268103094203e-05-2.903971568150441e-05j),(4.901603786498686e-05-3.619085884266074e-05j),(4.438733248718862e-05-4.08140924140951e-05j),(4.1057620449930206e-05-4.336030493030189e-05j),(3.9364415939903625e-05-4.4190365251738857e-05j),(3.941975738828471e-05-4.349838800707161e-05j),(4.114501166923809e-05-4.1284540671858934e-05j),(4.427313960967054e-05-3.736963435098751e-05j),(4.832200641662122e-05-3.145008583650172e-05j),(5.2554391459452356e-05-2.319717803027201e-05j),(5.595227539830925e-05-1.240445333564143e-05j),(5.7243334913615443e-05+8.220840034615979e-07j),(5.5021798130411195e-05+1.58562379096213e-05j),(4.799656183068417e-05+3.138017710243718e-05j),(3.5369134505367124e-05+4.533172879887789e-05j),(1.728963797495031e-05+5.5066052509501295e-05j),(-4.7311227408794474e-06+5.7805376552940284e-05j),(-2.7637930950068563e-05+5.137770838160072e-05j),(-4.707724067183863e-05+3.51227804222785e-05j),(-5.8206820303573215e-05+1.0700389490658924e-05j),(-5.703102704472355e-05-1.7566595447129728e-05j),(-4.197405611008438e-05-4.316787599197086e-05j),(-1.5159973672936386e-05-5.886294358408285e-05j),(1.7240907203918112e-05-5.892103205511063e-05j),(4.6092303633357774e-05-4.1512185772901346e-05j),(3.962940642431293e-05-1.3040582673606769e-05j),(4.320576507732086e-05-3.37865956003348e-05j),(1.0188552401879735e-05-5.889669345573082e-05j),(-3.5424766452841934e-05-4.679732032889993e-05j),(-5.728608930114882e-05-5.956371842571488e-06j),(-4.2621023526371305e-05+3.705250637574782e-05j),(-1.989809405339347e-06+5.5296832420230436e-05j),(3.821764614251997e-05+3.8384404711647364e-05j),(5.294709286329014e-05-1.6733865719650429e-06j),(3.412766685274121e-05-3.8906706607424126e-05j),(-4.994917925625235e-06-5.0256384905477934e-05j),(-3.910639328405506e-05-2.9892392239253286e-05j),(-4.7245043475149823e-05+7.93526075557464e-06j),(-2.5721713055996125e-05+3.880253337067603e-05j),(1.0452539596193085e-05+4.393345332552543e-05j),(3.797836895039659e-05+2.1660666724616227e-05j),(4.034084505796976e-05-1.2500626610904664e-05j),(1.775687297268112e-05-3.6611696806815196e-05j),(-1.4025809109273195e-05-3.648327773801414e-05j),(-3.466977545598005e-05-1.4061819831917626e-05j),(-3.236996353907597e-05+1.4960563498745604e-05j),(-1.063344914683376e-05+3.209945972869639e-05j),(1.5210727813097337e-05+2.7995847765949488e-05j),(2.880566713188784e-05+7.542059619374573e-06j),(2.3324506452652055e-05-1.462473000398955e-05j),(4.8874764493091745e-06-2.459507866086172e-05j),(-1.2898035244853278e-05-1.824102973939397e-05j),(-1.897533962851376e-05-2.8805018975086642e-06j),(-1.2924359011276698e-05+9.429047916762244e-06j),(-1.957193445333347e-08-7.447921356747607e-09j),(-3.952792659852172e-08-1.0870152146685752e-08j),(-1.938252863600504e-08-7.375844698454874e-09j),(-1.292435901127701e-05+9.429047916762322e-06j),(-1.8975339628513894e-05-2.8805018975088773e-06j),(-1.28980352448532e-05-1.824102973939426e-05j),(4.887476449309511e-06-2.4595078660861977e-05j),(2.3324506452652293e-05-1.4624730003989369e-05j),(2.8805667131887977e-05+7.542059619374945e-06j),(1.5210727813097149e-05+2.799584776594984e-05j),(-1.0633449146834003e-05+3.209945972869658e-05j),(-2.8588867206063085e-05+1.640580919000953e-05j),(-3.1483304248759395e-05-6.701492708880142e-06j),(-3.1641201665631566e-05-1.7181073647402095e-05j),(-3.995909668732419e-05-1.021123269438465e-05j),(-3.928421494640207e-05+1.0222899826688e-05j),(-3.0474571612222636e-05+2.6014050612319933e-05j),(-1.8129719014465292e-05+3.530044784126562e-05j),(-6.171349431649569e-06+3.896240615788704e-05j),(3.0686827985059705e-06+3.92378112847961e-05j),(8.694803425437709e-06+3.842747854016294e-05j),(1.0573165752426055e-05+3.811284508020933e-05j),(8.699812479034969e-06+3.883693888108515e-05j),(2.9649188590653445e-06+4.00197500941639e-05j),(-6.5712282102809756e-06+4.000381724189842e-05j),(-1.900148633706606e-05+3.636905670441213e-05j),(-3.1864613240191997e-05+2.6764276057387744e-05j),(-4.100704187415453e-05+1.0290231352100903e-05j),(-4.158302492347046e-05-1.1039563022475457e-05j),(-3.025867924751002e-05-3.1723109205121665e-05j),(-7.800630737399953e-06-4.403178393198011e-05j),(1.9520769869551264e-05-4.126008384643089e-05j),(4.1217278196408965e-05-2.1767142298586566e-05j),(4.6850877324153505e-05+8.463860874322807e-06j),(3.167099471809556e-05+3.690135033376068e-05j),(5.501110862871768e-07+4.966080963326115e-05j),(-3.2675905640949435e-05+3.8777208656045944e-05j),(-5.119282071864593e-05+7.636607141015126e-06j),(-4.405711687279268e-05-2.912095776559538e-05j),(-1.3130901478918453e-05-5.223772513029389e-05j),(2.6395630584757985e-05-4.815039661664151e-05j),(5.319542700721766e-05-1.7350966699609808e-05j)
"(60,)",(5.991955701976908e-05+3.883023770775879e-05j),(5.527709763861971e-05+3.253279937865416e-05j),(6.037157757731288e-05+1.942693965055643e-05j),(6.223724268533708e-05+7.81849628634304e-06j),(6.204225903327694e-05-1.616791572610192e-06j),(6.082787287773315e-05-8.624653137130941e-06j),(5.940102938190851e-05-1.3203151262962056e-05j),(5.829780358024076e-05-1.5456546679368006e-05j),(5.778469075315264e-05-1.549262590753851e-05j),(5.7871777497785096e-05-1.3369723966639573e-05j),(5.832340172014962e-05-9.09295149723539e-06j),(5.866466307845575e-05-2.6571072859393824e-06j),(5.8194250109684346e-05+5.867486451021269e-06j),(5.602408768992518e-05+1.6214223553406392e-05j),(5.117199797022857e-05+2.7782375290011137e-05j),(4.273115345553731e-05+3.951576678163857e-05j),(3.012498157120878e-05+4.984976631208294e-05j),(1.3425178180299963e-05+5.679092025485752e-05j),(-6.3344418675288605e-06+5.818825085843197e-05j),(-2.696341546441126e-05+5.221942122337911e-05j),(-4.51838987698505e-05+3.8042565074620775e-05j),(-5.709078203445557e-05+1.6464899545702273e-05j),(-5.904201728281717e-05-9.616574459562287e-06j),(-4.885879287094695e-05-3.528821004356163e-05j),(-2.7019356669928804e-05-5.4424844932568585e-05j),(2.6241380298448707e-06-6.123907572405658e-05j),(3.308922657546759e-05-5.227062426099856e-05j),(5.574284940767442e-05-2.8187635740897425e-05j),(6.286266336939337e-05+5.401329233888831e-06j),(3.7204297295313725e-05+2.0390317096808548e-05j),(5.5115097758190753e-05+8.647619311849888e-06j),(5.0874413386147614e-05-3.334877011986038e-05j),(1.0188552401879698e-05-5.8896693455730847e-05j),(-3.542476645284194e-05-4.6797320328899866e-05j),(-5.7286089301148616e-05-5.956371842571412e-06j),(-4.262102352637124e-05+3.705250637574776e-05j),(-1.9898094053393728e-06+5.529683242023045e-05j),(3.821764614251999e-05+3.838440471164738e-05j),(5.2947092863290327e-05-1.673386571965135e-06j),(3.4127666852740664e-05-3.890670660742374e-05j),(-4.9949179256252026e-06-5.025638490547835e-05j),(-3.9106393284054847e-05-2.9892392239253126e-05j),(-4.7245043475149823e-05+7.93526075557461e-06j),(-2.5721713055996305e-05+3.880253337067618e-05j),(1.045253959619312e-05+4.393345332552514e-05j),(3.797836895039659e-05+2.1660666724616294e-05j),(4.0340845057969696e-05-1.250062661090465e-05j),(1.775687297268113e-05-3.6611696806814965e-05j),(-1.402580910927326e-05-3.6483277738014285e-05j),(-3.466977545597992e-05-1.4061819831917555e-05j),(-3.236996353907596e-05+1.4960563498745582e-05j),(-1.0633449146833798e-05+3.209945972869652e-05j),(1.5210727813097323e-05+2.7995847765949294e-05j),(2.8805667131887937e-05+7.542059619374547e-06j),(2.3324506452651852e-05-1.462473000398947e-05j),(4.887476449309193e-06-2.45950786608618e-05j),(-1.2898035244853271e-05-1.8241029739393938e-05j),(-1.8975339628513542e-05-2.880501897508654e-06j),(-1.2924359011276826e-05+9.429047916762239e-06j),(-1.938252863600504e-08-7.375844698454874e-09j),(-3.9527926598521856e-08-1.087015214668613e-08j),(-1.9540110169654277e-08-7.4358109155162304e-09j),(-1.292435901127683e-05+9.429047916762227e-06j),(-1.8975339628513667e-05-2.8805018975087985e-06j),(-1.2898035244853081e-05-1.8241029739393985e-05j),(4.887476449309361e-06-2.459507866086163e-05j),(2.332450645265198e-05-1.4624730003989227e-05j),(2.8805667131887737e-05+7.542059619374812e-06j),(1.5210727813097147e-05+2.799584776594921e-05j),(-7.167654427873502e-06+3.0402999868501723e-05j),(-2.5138246740944935e-05+1.7538371918669053e-05j),(-3.25952388823629e-05+1.0857350410085391e-05j),(-3.324046184736319e-05+2.107622021302262e-05j),(-1.8868701677843324e-05+3.378907106125223e-05j),(-2.7745183332292344e-06+3.8089232260498487e-05j),(1.0908581674639376e-05+3.623818459345564e-05j),(2.045246900133662e-05+3.163202538979359e-05j),(2.5961096764364073e-05+2.7269459101586266e-05j),(2.8240033208991696e-05+2.508321753973447e-05j),(2.7813737617066367e-05+2.5898343517175045e-05j),(2.4448649891410917e-05+2.952528365335933e-05j),(1.7291246506687507e-05+3.468381404381792e-05j),(5.615051695918352e-06+3.886775238902359e-05j),(-1.0011607048814517e-05+3.8608819238101945e-05j),(-2.668314475848638e-05+3.0596317896850096e-05j),(-3.9097515233201856e-05+1.360794717082512e-05j),(-4.117056030589538e-05-9.60781353864788e-06j),(-2.9140835688739633e-05-3.1918358933640366e-05j),(-4.750024787376134e-06-4.395835319255578e-05j),(2.3648195354817427e-05-3.857546892951444e-05j),(4.362103113306078e-05-1.554490720206902e-05j),(4.445654134833416e-05+1.640914283118705e-05j),(2.3527306020562728e-05+4.2388866097828826e-05j),(-1.0630276550575004e-05+4.842588814922389e-05j),(-4.120270245163519e-05+2.9508068099703495e-05j),(-5.140179579208842e-05-6.230101502578593e-06j),(-3.407854704365194e-05-4.042445845935972e-05j),(3.0165239506384846e-06-5.3875930570667014e-05j),(4.0168434768207004e-05-3.762893999173886e-05j),(5.610553708611344e-05+8.047692573589364e-07j)
"(61,)",(4.1906579226855175e-05+5.82602911354775e-05j),(3.845625283858832e-05+5.18097024252802e-05j),(4.707163837598548e-05+4.311967504522283e-05j),(5.2671459744332954e-05+3.488900120081653e-05j),(5.5956936267948395e-05+2.796208047297359e-05j),(5.7607008034656354e-05+2.2837838438491153e-05j),(5.8159818095653074e-05+1.9765548335577473e-05j),(5.7949778398058294e-05+1.8832375324609955e-05j),(5.708292364331409e-05+2.0021762243774755e-05j),(5.543733213841971e-05+2.3233404790198884e-05j),(5.2683522764071394e-05+2.8263892044118613e-05j),(4.832860474636852e-05+3.475387513993099e-05j),(4.1794730258914354e-05+4.2115111978103614e-05j),(3.2544240059836923e-05+4.946031197344995e-05j),(2.0257814480531643e-05+5.556972861791329e-05j),(5.055539477777462e-06+5.8937334507534704e-05j),(-1.2275982839447211e-05+5.793949660424711e-05j),(-3.0119768449632144e-05+5.1151980275899223e-05j),(-4.6023727577885645e-05+3.780031326974604e-05j),(-5.6954116362016936e-05+1.8264816148563394e-05j),(-5.986681569392745e-05-5.511283087100173e-06j),(-5.2563479689118604e-05-2.991518924866025e-05j),(-3.4663682760922645e-05-5.005762477697598e-05j),(-8.384464373858385e-06-6.07641528774926e-05j),(2.125838256815216e-05-5.8063169877265313e-05j),(4.7154133138158724e-05-4.081073649396921e-05j),(6.179529577368293e-05-1.1872285455343246e-05j),(5.967094284105465e-05+2.1773354138406154e-05j),(3.9637751202790395e-05+5.0426861084341784e-05j),(1.0675210406608769e-05+4.177728641246303e-05j),(3.182986535151266e-05+4.6941401174815566e-05j),(6.01121923515613e-05+1.4648753033656469e-05j),(5.087441338614777e-05-3.334877011986026e-05j),(1.0188552401879821e-05-5.889669345573083e-05j),(-3.5424766452841724e-05-4.679732032889975e-05j),(-5.728608930114858e-05-5.9563718425715266e-06j),(-4.262102352637142e-05+3.7052506375747754e-05j),(-1.989809405339561e-06+5.5296832420230504e-05j),(3.821764614252013e-05+3.838440471164762e-05j),(5.294709286328974e-05-1.6733865719651212e-06j),(3.4127666852741125e-05-3.890670660742398e-05j),(-4.994917925625039e-06-5.025638490547816e-05j),(-3.9106393284054786e-05-2.9892392239253245e-05j),(-4.724504347515014e-05+7.935260755574477e-06j),(-2.5721713055996156e-05+3.880253337067601e-05j),(1.0452539596192995e-05+4.393345332552526e-05j),(3.7978368950396555e-05+2.166066672461634e-05j),(4.034084505796962e-05-1.250062661090442e-05j),(1.7756872972681323e-05-3.6611696806815135e-05j),(-1.4025809109273154e-05-3.64832777380142e-05j),(-3.46697754559799e-05-1.4061819831917633e-05j),(-3.236996353907616e-05+1.4960563498745602e-05j),(-1.0633449146833752e-05+3.209945972869637e-05j),(1.5210727813097372e-05+2.7995847765949423e-05j),(2.8805667131887744e-05+7.542059619374525e-06j),(2.3324506452651994e-05-1.4624730003989484e-05j),(4.887476449309231e-06-2.4595078660861805e-05j),(-1.2898035244853088e-05-1.82410297393938e-05j),(-1.8975339628513657e-05-2.8805018975088006e-06j),(-1.292435901127701e-05+9.429047916762322e-06j),(-1.9540110169654277e-08-7.4358109155162304e-09j),(-3.952792659852282e-08-1.0870152146684915e-08j),(-1.9635895023448563e-08-7.47226096902634e-09j),(-1.2924359011276925e-05+9.429047916762237e-06j),(-1.8975339628513725e-05-2.8805018975088565e-06j),(-1.2898035244853063e-05-1.824102973939405e-05j),(4.887476449309468e-06-2.4595078660861706e-05j),(2.3324506452652194e-05-1.4624730003989243e-05j),(2.8805667131887727e-05+7.542059619374716e-06j),(1.6275134844827266e-05+2.4494366557336743e-05j),(-4.133765895717209e-06+2.873654564773453e-05j),(-1.3610808838556816e-05+2.964861705553132e-05j),(-7.110594953928461e-06+3.6699724407420045e-05j),(1.0662637796524562e-05+3.513692364963524e-05j),(2.366383656282893e-05+2.7438605600728393e-05j),(3.109304417752951e-05+1.8028658437714946e-05j),(3.4350395112353034e-05+1.0234767090064173e-05j),(3.5434824852331024e-05+5.850729475770464e-06j),(3.56938292023349e-05+5.5711022358504936e-06j),(3.519325615319825e-05+9.496953650128623e-06j),(3.265767426717566e-05+1.7144619328944415e-05j),(2.599869342159292e-05+2.692205974965697e-05j),(1.3526170282139923e-05+3.5598950430137865e-05j),(-4.372108742017193e-06+3.860220965432883e-05j),(-2.3928669179510343e-05+3.169898115361677e-05j),(-3.829194605469962e-05+1.370005364034086e-05j),(-4.012645884254407e-05-1.1305713292597336e-05j),(-2.5796394881727782e-05-3.4101462382512166e-05j),(1.117088846968831e-06-4.3852151937912514e-05j),(2.962243575797806e-05-3.3872059045237616e-05j),(4.5675203302072285e-05-6.562288510773268e-06j),(3.9551811951956375e-05+2.5937631291833847e-05j),(1.2263816498485005e-05+4.687599613064513e-05j),(-2.326416807620308e-05+4.381336616745527e-05j),(-4.800599824421751e-05+1.6474285637084628e-05j),(-4.7203639828711086e-05-2.155748470987729e-05j),(-1.9543558892386685e-05-4.9289291504202784e-05j),(2.0709848026282285e-05-5.002307048807589e-05j),(5.080312852731747e-05-2.1708129664382736e-05j),(5.243483440780941e-05+2.0611065955979647e-05j)
"(62,)",(1.6024365610333066e-05+7.037170513065162e-05j),(1.3653846852331694e-05+6.347556806429912e-05j),(2.3460961003680126e-05+5.9840818512677805e-05j),(3.060970192994633e-05+5.5811916552218357e-05j),(3.536251166842322e-05+5.222339960550854e-05j),(3.803021655926982e-05+4.96296396249959e-05j),(3.886548078473729e-05+4.8338998597819314e-05j),(3.800201839468941e-05+4.844994780823553e-05j),(3.5434068676222586e-05+4.987263588961212e-05j),(3.10318225357573e-05+5.23298575498965e-05j),(2.4591879088718573e-05+5.5340999383463045e-05j),(1.592421698154753e-05+5.820162073433084e-05j),(4.975691868556783e-06+5.9979880793648855e-05j),(-8.0175418370763e-06+5.9557749983200556e-05j),(-2.2370911374409426e-05+5.5746668819268026e-05j),(-3.6827690985586544e-05+4.7499282501810357e-05j),(-4.953204650782878e-05+3.421632257608413e-05j),(-5.8168772083087184e-05+1.61088820578851e-05j),(-6.0324328895858336e-05-5.473613454686368e-06j),(-5.407371345603397e-05-2.788539508034404e-05j),(-3.871164892285085e-05-4.734927561431025e-05j),(-1.5441287479337885e-05-5.9558418651007634e-05j),(1.2252827219527594e-05-6.071576955146802e-05j),(3.883520913516277e-05-4.88340141008626e-05j),(5.773479030636765e-05-2.4924385484487617e-05j),(6.308539790330591e-05+6.423706136112047e-06j),(5.1802249826794136e-05+3.753234430198348e-05j),(2.5304754364146e-05+5.939091820761373e-05j),(-9.917303406746293e-06+6.441118873123641e-05j),(-2.360426601215505e-05+3.689873173699446e-05j),(-1.2769773500509311e-05+5.619382348581059e-05j),(3.0840164990445056e-05+5.48147553279582e-05j),(6.011219235156138e-05+1.464875303365657e-05j),(5.087441338614783e-05-3.334877011986031e-05j),(1.0188552401879859e-05-5.889669345573067e-05j),(-3.5424766452841656e-05-4.679732032889982e-05j),(-5.7286089301148683e-05-5.956371842571626e-06j),(-4.2621023526371576e-05+3.705250637574767e-05j),(-1.9898094053395896e-06+5.5296832420230795e-05j),(3.8217646142519755e-05+3.8384404711647133e-05j),(5.294709286329025e-05-1.6733865719649692e-06j),(3.412766685274105e-05-3.89067066074238e-05j),(-4.994917925624977e-06-5.0256384905478185e-05j),(-3.910639328405499e-05-2.989239223925354e-05j),(-4.724504347514989e-05+7.935260755574486e-06j),(-2.5721713055996315e-05+3.8802533370676055e-05j),(1.045253959619296e-05+4.3933453325525285e-05j),(3.797836895039638e-05+2.16606667246164e-05j),(4.034084505796987e-05-1.2500626610904434e-05j),(1.7756872972681306e-05-3.661169680681502e-05j),(-1.4025809109273096e-05-3.648327773801425e-05j),(-3.466977545598009e-05-1.4061819831917765e-05j),(-3.236996353907601e-05+1.4960563498745562e-05j),(-1.0633449146833798e-05+3.209945972869653e-05j),(1.521072781309727e-05+2.7995847765949254e-05j),(2.880566713188787e-05+7.5420596193746125e-06j),(2.3324506452652025e-05-1.4624730003989482e-05j),(4.887476449309242e-06-2.4595078660861564e-05j),(-1.2898035244853068e-05-1.8241029739394013e-05j),(-1.8975339628513894e-05-2.8805018975088773e-06j),(-1.292435901127683e-05+9.429047916762227e-06j),(-1.9635895023448563e-08-7.47226096902634e-09j),(-3.952792659852246e-08-1.0870152146684924e-08j),(-1.963589502344875e-08-7.472260969026177e-09j),(-1.2924359011276938e-05+9.429047916762245e-06j),(-1.897533962851372e-05-2.8805018975088506e-06j),(-1.2898035244853066e-05-1.824102973939409e-05j),(4.887476449309531e-06-2.459507866086182e-05j),(2.3324506452652042e-05-1.462473000398933e-05j),(2.707507699631094e-05+4.5585838438841845e-06j),(1.7084284011217367e-05+2.1313503535003167e-05j),(1.1661061821899189e-05+2.8500186339068766e-05j),(2.0557028129771404e-05+2.8694240259378385e-05j),(3.077858161812636e-05+1.588622177178004e-05j),(3.406783921429606e-05+2.8983103363663338e-06j),(3.324590287230429e-05-7.002963335935983e-06j),(3.150135695841646e-05-1.2727627395249292e-05j),(3.101083887185739e-05-1.4309246476732827e-05j),(3.239046884075478e-05-1.1795197228986987e-05j),(3.456853271799538e-05-4.903399671756225e-06j),(3.491943431523562e-05+6.3170666767476445e-06j),(3.0013366107595122e-05+2.0224855999491014e-05j),(1.7339497315516877e-05+3.271571748923692e-05j),(-2.4227923655704513e-06+3.789777955813264e-05j),(-2.4007299140010996e-05+3.075463039657649e-05j),(-3.865453485045739e-05+1.0761968028969344e-05j),(-3.811235920245196e-05-1.5866074013462046e-05j),(-1.9870162492331166e-05-3.7538866428701014e-05j),(9.595838909750097e-06-4.2615863043204174e-05j),(3.6392693377107385e-05-2.6300245029985447e-05j),(4.584169420020452e-05+5.072071971242312e-06j),(3.1012177026733774e-05+3.5764505850921614e-05j),(-1.9633248148810764e-06+4.8506399742463e-05j),(-3.576867701119592e-05+3.456972214815206e-05j),(-5.092932905341688e-05+1.4351481460845887e-08j),(-3.729545002547079e-05-3.638059982315557e-05j),(-1.0699433197965178e-06-5.324695554488277e-05j),(3.75355956578677e-05-3.937478564776781e-05j),(5.5509212215671814e-05-1.3530543134796269e-06j),(4.0915306011497674e-05+3.9161680861431274e-05j)
"(63,)",(-1.453749073372639e-05+7.114953937333993e-05j),(-1.549818466507871e-05+6.349088616923596e-05j),(-6.812363608673729e-06+6.437844798952139e-05j),(-3.0377652413768735e-07+6.415331762436882e-05j),(3.949790786967081e-06+6.34851298337363e-05j),(5.975765762119595e-06+6.282011461059853e-05j),(5.83034690840841e-06+6.23736996451214e-05j),(3.560251942994083e-06+6.213549836161418e-05j),(-7.967970941080922e-07+6.187740000186433e-05j),(-7.174738880753283e-06+6.116445438629167e-05j),(-1.5409060950308905e-05+5.9376700114437374e-05j),(-2.5142249206252027e-05+5.575677927215175e-05j),(-3.572097683569989e-05+4.950133930392343e-05j),(-4.6112513963216274e-05+3.991126342651831e-05j),(-5.488005514731067e-05+2.6603784305373223e-05j),(-6.0264263584596855e-05+9.766715045382708e-06j),(-6.041326853884854e-05-9.5970532288638e-06j),(-5.377726083274928e-05-2.9520645284350278e-05j),(-3.963232981198728e-05-4.71274745413469e-05j),(-1.8626493335592803e-05-5.8986741493710996e-05j),(6.831616549588933e-06-6.181020850169339e-05j),(3.2560793127560474e-05-5.341914449460202e-05j),(5.3159442973645426e-05-3.376508252145092e-05j),(6.317812506806978e-05-5.6569931471349646e-06j),(5.874455648267422e-05+2.5199488091617894e-05j),(3.921319176197326e-05+5.1141340349778156e-05j),(8.220949974636884e-06+6.44759440455221e-05j),(-2.646712091278848e-05+6.000026631148687e-05j),(-5.465906117635761e-05+3.731861463633611e-05j),(-4.3737445517466165e-05+8.067758024406845e-06j),(-5.0552609597373495e-05+2.9485955151378132e-05j),(-1.929930429666118e-05+6.091812729664534e-05j),(3.0840164990445056e-05+5.4814755327958295e-05j),(6.011219235156145e-05+1.4648753033656513e-05j),(5.087441338614775e-05-3.3348770119860176e-05j),(1.0188552401879947e-05-5.8896693455730704e-05j),(-3.5424766452841676e-05-4.679732032889995e-05j),(-5.728608930114878e-05-5.956371842571756e-06j),(-4.2621023526371813e-05+3.70525063757479e-05j),(-1.989809405339424e-06+5.52968324202302e-05j),(3.821764614252004e-05+3.838440471164761e-05j),(5.294709286329005e-05-1.6733865719649675e-06j),(3.4127666852741105e-05-3.8906706607423774e-05j),(-4.994917925624918e-06-5.025638490547853e-05j),(-3.910639328405481e-05-2.9892392239253377e-05j),(-4.7245043475150033e-05+7.93526075557444e-06j),(-2.572171305599635e-05+3.8802533370676034e-05j),(1.045253959619282e-05+4.393345332552517e-05j),(3.797836895039659e-05+2.166066672461657e-05j),(4.034084505796978e-05-1.250062661090441e-05j),(1.7756872972681384e-05-3.661169680681504e-05j),(-1.4025809109273154e-05-3.6483277738014475e-05j),(-3.466977545597999e-05-1.4061819831917673e-05j),(-3.236996353907616e-05+1.4960563498745665e-05j),(-1.0633449146833727e-05+3.209945972869633e-05j),(1.5210727813097316e-05+2.7995847765949423e-05j),(2.8805667131887903e-05+7.542059619374618e-06j),(2.3324506452651835e-05-1.4624730003989304e-05j),(4.887476449309421e-06-2.4595078660861706e-05j),(-1.28980352448532e-05-1.824102973939426e-05j),(-1.8975339628513667e-05-2.8805018975087985e-06j),(-1.2924359011276925e-05+9.429047916762237e-06j),(-1.963589502344875e-08-7.472260969026177e-09j),(-3.952792659852281e-08-1.0870152146684766e-08j),(-1.963589502345003e-08-7.472260969025728e-09j),(-1.292435901127692e-05+9.429047916762242e-06j),(-1.8975339628513745e-05-2.880501897508869e-06j),(-1.2898035244853105e-05-1.824102973939419e-05j),(4.88747644930936e-06-2.4595078660861757e-05j),(2.0180591041060742e-05-1.5341232417258536e-05j),(2.540568180529477e-05+1.9556209035442857e-06j),(2.695847456419237e-05+1.0266870117862401e-05j),(3.2773487247890546e-05+4.550409002282105e-06j),(3.0822867986877405e-05-1.0111961722287514e-05j),(2.5040687812823228e-05-2.0016734996849817e-05j),(1.9577975023365746e-05-2.524667822379928e-05j),(1.7094574724572952e-05-2.713617640496269e-05j),(1.861804179667366e-05-2.648544973877806e-05j),(2.3693732647574805e-05-2.2721929604350198e-05j),(3.019182789920336e-05-1.4364279219610373e-05j),(3.419584076467741e-05-6.470003496511947e-07j),(3.100806598296741e-05+1.6493310457303446e-05j),(1.7679818026205755e-05+3.155437084144859e-05j),(-4.0537069406349605e-06+3.70950923051831e-05j),(-2.669092624035858e-05+2.778864697939808e-05j),(-3.9499507151735784e-05+4.7959929124375984e-06j),(-3.422351635077043e-05-2.271126875581883e-05j),(-1.0928671884751541e-05-4.093534714655172e-05j),(2.004427290349415e-05-3.879322602202035e-05j),(4.230786704959268e-05-1.5202551522154494e-05j),(4.2348479135083675e-05+1.8558254138264883e-05j),(1.8161598628170368e-05+4.3893495883959764e-05j),(-1.8054668832894965e-05+4.528607638360318e-05j),(-4.575193326551027e-05+2.013111148120968e-05j),(-4.779290325461737e-05-1.8363540877042685e-05j),(-2.1308170959759414e-05-4.7866839938756174e-05j),(1.9351787672624036e-05-4.995542920535719e-05j),(5.01957086110851e-05-2.1816267258218342e-05j),(5.181010421536009e-05+2.0915447270613144e-05j),(2.1736159229392868e-05+5.2688212271551656e-05j)
"(64,)",(-4.430792351055524e-05+5.8146075141808474e-05j),(-4.3078779052585195e-05+4.974396385986039e-05j),(-3.716768236514757e-05+5.359586680634611e-05j),(-3.2790895227477994e-05+5.574629321063757e-05j),(-3.0210205822736916e-05+5.661095496617293e-05j),(-2.9530297022656152e-05+5.6444522667271805e-05j),(-3.073888208459176e-05+5.531773110630318e-05j),(-3.3718918587790724e-05+5.311790207355002e-05j),(-3.823247553741497e-05+4.957001741417008e-05j),(-4.388160725595579e-05+4.42811413629885e-05j),(-5.00578043309928e-05+3.681495541431432e-05j),(-5.589887363117318e-05+2.680341212995986e-05j),(-6.0279720031884515e-05+1.4097054856738703e-05j),(-6.186885968815592e-05-1.0570274818182944e-06j),(-5.92810924008407e-05-1.7840060181637128e-05j),(-5.134313272478306e-05-3.474250927787817e-05j),(-3.7458935723564746e-05-4.957271793514473e-05j),(-1.801542881036656e-05-5.966701574293004e-05j),(5.283803458389662e-06-6.23478560199851e-05j),(2.931058725227094e-05-5.561170579185433e-05j),(4.9786213513446155e-05-3.893039471387044e-05j),(6.203167135938953e-05-1.3942313009761463e-05j),(6.215115791053352e-05+1.526289592952855e-05j),(4.841413119994242e-05+4.2547186379651016e-05j),(2.2413821332443697e-05+6.095143567654728e-05j),(-1.0513356366718733e-05+6.46121477608379e-05j),(-4.2033515792187385e-05+5.089728632632823e-05j),(-6.283772158027164e-05+2.2020572384735725e-05j),(-6.556370075944091e-05-1.4657215345653694e-05j),(-3.628872103162144e-05-2.6843170993610656e-05j),(-5.690412767081816e-05-1.7061092248758082e-05j),(-5.858219236858421e-05+2.7916183084479623e-05j),(-1.929930429666131e-05+6.091812729664531e-05j),(3.084016499044502e-05+5.4814755327958234e-05j),(6.011219235156119e-05+1.464875303365654e-05j),(5.087441338614776e-05-3.334877011986009e-05j),(1.0188552401880003e-05-5.8896693455730704e-05j),(-3.54247664528416e-05-4.679732032890007e-05j),(-5.728608930114903e-05-5.956371842571784e-06j),(-4.2621023526371204e-05+3.705250637574753e-05j),(-1.9898094053396082e-06+5.529683242023065e-05j),(3.8217646142519864e-05+3.838440471164742e-05j),(5.294709286329004e-05-1.6733865719648656e-06j),(3.412766685274139e-05-3.890670660742394e-05j),(-4.994917925624918e-06-5.025638490547826e-05j),(-3.910639328405484e-05-2.989239223925347e-05j),(-4.7245043475150033e-05+7.935260755574377e-06j),(-2.5721713055996332e-05+3.8802533370675804e-05j),(1.0452539596192822e-05+4.393345332552541e-05j),(3.797836895039644e-05+2.1660666724616498e-05j),(4.0340845057969805e-05-1.250062661090433e-05j),(1.77568729726815e-05-3.6611696806815196e-05j),(-1.402580910927313e-05-3.6483277738014285e-05j),(-3.4669775455980126e-05-1.4061819831917694e-05j),(-3.236996353907593e-05+1.4960563498745557e-05j),(-1.0633449146833811e-05+3.209945972869646e-05j),(1.5210727813097316e-05+2.7995847765949406e-05j),(2.8805667131887578e-05+7.542059619374594e-06j),(2.3324506452652052e-05-1.4624730003989254e-05j),(4.887476449309511e-06-2.4595078660861977e-05j),(-1.2898035244853081e-05-1.8241029739393985e-05j),(-1.8975339628513725e-05-2.8805018975088565e-06j),(-1.2924359011276938e-05+9.429047916762245e-06j),(-1.963589502345003e-08-7.472260969025728e-09j),(-3.952792659852309e-08-1.0870152146685122e-08j),(-1.9635895023450515e-08-7.472260969026532e-09j),(-1.2924359011276926e-05+9.429047916762269e-06j),(-1.8975339628513827e-05-2.8805018975088802e-06j),(-1.2898035244853184e-05-1.824102973939402e-05j),(2.4214924462702365e-06-2.2916909271772048e-05j),(1.7338290010311287e-05-1.5862144484409823e-05j),(2.404489251568488e-05-1.1743827406161024e-05j),(2.4077559116109056e-05-1.909102737947191e-05j),(1.3635163208717565e-05-2.6848290330617608e-05j),(4.774098266164836e-06-2.9448418572223492e-05j),(4.213053103334171e-08-2.9866582346273734e-05j),(2.9016234859170264e-07-3.0138914888636392e-05j),(5.59681863577603e-06-3.0085640451417175e-05j),(1.5115811527503483e-05-2.7351310218154905e-05j),(2.5993126113282408e-05-1.882864780947895e-05j),(3.2964322300634496e-05-3.252472577691918e-06j),(3.0162778936296198e-05+1.6326035328580253e-05j),(1.4895020421475734e-05+3.23042894605276e-05j),(-8.992001524987706e-06+3.5800064031557145e-05j),(-3.115715941886257e-05+2.225036728241475e-05j),(-3.9458937395787146e-05-4.137016051208316e-06j),(-2.7270585073926107e-05-3.070186890103735e-05j),(1.097879698855695e-06-4.243054540938043e-05j),(3.1047349444287474e-05-3.090922564906999e-05j),(4.515227213982209e-05-6.170961974813576e-07j),(3.362263974895625e-05+3.2094919947557654e-05j),(1.3188571135945963e-06+4.776679753884459e-05j),(-3.37232561573295e-05+3.5639126486727846e-05j),(-5.0308340592293e-05+1.2057501604444511e-06j),(-3.707844704238893e-05-3.5824330498438487e-05j),(-4.1039434248102126e-07-5.2768846981466123e-05j),(3.830678025354822e-05-3.800596466566634e-05j),(5.512345633520896e-05+9.731685297134918e-07j),(3.8458610111376164e-05+4.109290279373091e-05j),(-2.873974104341814e-06+5.734102230268289e-05j)
"(65,)",(-6.637493544926385e-05+3.1856035593975204e-05j),(-6.199515329649909e-05+2.3430853264826638e-05j),(-5.9375200143730866e-05+2.8191066471519486e-05j),(-5.744810510057822e-05+3.087056798601426e-05j),(-5.649010898589583e-05+3.163875023703416e-05j),(-5.658241921012856e-05+3.058612189897834e-05j),(-5.7624461131563465e-05+2.7709325889302643e-05j),(-5.933512432967902e-05+2.29270130158327e-05j),(-6.124540775165861e-05+1.6125711732735064e-05j),(-6.269272946209646e-05+7.235487139218068e-06j),(-6.283329674537233e-05-3.6669692593506888e-06j),(-6.069320185776623e-05-1.6236542246378507e-05j),(-5.527904893997473e-05-2.9738850123437936e-05j),(-4.576177565306147e-05-4.296404926239186e-05j),(-3.172991940914543e-05-5.422197719199391e-05j),(-1.3479982340600031e-05-6.1470290030554e-05j),(7.724615929561036e-06-6.261538952207723e-05j),(2.9528109999503324e-05-5.598969314613887e-05j),(4.86069978448196e-05-4.0946736639484035e-05j),(6.113694688921303e-05-1.8437775585881478e-05j),(6.361716219438863e-05+8.635345735806738e-06j),(5.393956585650807e-05+3.551968662077564e-05j),(3.24396721139971e-05+5.6332288296400365e-05j),(2.5486408208881508e-06+6.541074157134166e-05j),(-2.934743459829339e-05+5.905766614629959e-05j),(-5.508639021522453e-05+3.718820124681177e-05j),(-6.687358440031438e-05+4.234004293911569e-06j),(-5.9898660352000384e-05-3.128248877402155e-05j),(-3.456796300570112e-05-5.875059459642791e-05j),(-5.236778913445352e-06-4.549040255279421e-05j),(-2.6769398019594182e-05-5.400676452352302e-05j),(-6.130224337072048e-05-2.41023626601587e-05j),(-5.8582192368584254e-05+2.7916183084479602e-05j),(-1.9299304296661263e-05+6.091812729664523e-05j),(3.08401649904448e-05+5.4814755327958024e-05j),(6.011219235156108e-05+1.4648753033656584e-05j),(5.087441338614772e-05-3.334877011986001e-05j),(1.0188552401880114e-05-5.889669345573068e-05j),(-3.542476645284178e-05-4.679732032890021e-05j),(-5.728608930114824e-05-5.956371842571569e-06j),(-4.2621023526371597e-05+3.705250637574768e-05j),(-1.989809405339586e-06+5.5296832420230314e-05j),(3.821764614251975e-05+3.838440471164739e-05j),(5.2947092863290266e-05-1.673386571964803e-06j),(3.412766685274109e-05-3.8906706607423706e-05j),(-4.994917925624867e-06-5.025638490547828e-05j),(-3.910639328405475e-05-2.9892392239253445e-05j),(-4.724504347514977e-05+7.935260755574228e-06j),(-2.5721713055996454e-05+3.880253337067595e-05j),(1.0452539596192783e-05+4.39334533255252e-05j),(3.797836895039637e-05+2.1660666724616528e-05j),(4.034084505796994e-05-1.2500626610904385e-05j),(1.7756872972681323e-05-3.6611696806815e-05j),(-1.4025809109273205e-05-3.6483277738014346e-05j),(-3.466977545597985e-05-1.4061819831917561e-05j),(-3.236996353907602e-05+1.4960563498745592e-05j),(-1.0633449146833781e-05+3.20994597286964e-05j),(1.52107278130971e-05+2.79958477659491e-05j),(2.880566713188767e-05+7.542059619374778e-06j),(2.3324506452652293e-05-1.4624730003989369e-05j),(4.887476449309361e-06-2.459507866086163e-05j),(-1.2898035244853063e-05-1.824102973939405e-05j),(-1.897533962851372e-05-2.8805018975088506e-06j),(-1.292435901127692e-05+9.429047916762242e-06j),(-1.9635895023450515e-08-7.472260969026532e-09j),(-3.952792659852362e-08-1.0870152146684257e-08j),(-1.963589502344978e-08-7.472260969026288e-09j),(-1.2924359011276916e-05+9.429047916762242e-06j),(-1.897533962851365e-05-2.8805018975087197e-06j),(-1.330671272130606e-05-1.5552643186272054e-05j),(2.755190572938018e-07-2.132642379975997e-05j),(7.210284189193033e-06-2.3408922158478718e-05j),(2.718552001949209e-06-2.8055298936133326e-05j),(-8.11673743720246e-06-2.6424402035854392e-05j),(-1.40555437693193e-05-2.3661823020741788e-05j),(-1.5307149935922044e-05-2.3134717466994587e-05j),(-1.192826297757145e-05-2.5558041382200806e-05j),(-3.3209941718593066e-06-2.871252792739025e-05j),(9.998561149441885e-06-2.8129310398146996e-05j),(2.4213489518271127e-05-1.9397618559806143e-05j),(3.231148426176052e-05-1.7451255229529683e-06j),(2.7611268457502475e-05+1.9481520535880142e-05j),(8.89341926277306e-06+3.413887890466881e-05j),(-1.667527998291749e-05+3.278732652182696e-05j),(-3.58693932722416e-05+1.3394962411201154e-05j),(-3.665902861317474e-05-1.5444327690717138e-05j),(-1.6281868755281308e-05-3.789902650829205e-05j),(1.5377463549705035e-05-3.982567409443492e-05j),(4.0241558618315935e-05-1.8054261219657772e-05j),(4.2511521625968616e-05+1.619429432968438e-05j),(1.89723815212386e-05+4.283446720309803e-05j),(-1.7707453594093643e-05+4.4803685885088516e-05j),(-4.560531182091513e-05+1.918422371955542e-05j),(-4.673361100327552e-05-1.9785274274059876e-05j),(-1.8781635203338e-05-4.848611775839408e-05j),(2.232920749113391e-05-4.830843274591878e-05j),(5.141560485493382e-05-1.7826739349258366e-05j),(4.952438633271619e-05+2.5260870832563343e-05j),(1.636531120892844e-05+5.43386425041605e-05j),(-2.8514522574596705e-05+5.037307249160928e-05j)
"(66,)",(-7.409914726221502e-05-3.395517771488617e-06j),(-6.597264676789369e-05-1.0262380703381711e-05j),(-6.594389204383108e-05-6.395100600573904e-06j),(-6.561502829334967e-05-4.631000702731967e-06j),(-6.51567254319066e-05-4.947894044925774e-06j),(-6.454285601919297e-05-7.3014403118974554e-06j),(-6.3557758550956e-05-1.1622051260449488e-05j),(-6.181068924315598e-05-1.7782936589510432e-05j),(-5.876373582219298e-05-2.5543514567970006e-05j),(-5.3783861006269655e-05-3.4476417522518566e-05j),(-4.623124152981138e-05-4.389258010729124e-05j),(-3.559287206017073e-05-5.2787096740707555e-05j),(-2.1660660184295987e-05-5.983671504576819e-05j),(-4.7359900571145086e-06-6.34841068658457e-05j),(1.4180648870109442e-05-6.213896864687637e-05j),(3.328068532908733e-05-5.450596774682601e-05j),(5.000037680395221e-05-4.001161435483401e-05j),(6.131052030248605e-05-1.9249591799168167e-05j),(6.427739914266416e-05+5.690390358267802e-06j),(5.684998294187809e-05+3.1178990282291667e-05j),(3.8720535962141884e-05+5.2442969418964784e-05j),(1.2000195678727933e-05+6.446862146648035e-05j),(-1.86040147018853e-05+6.332209168741908e-05j),(-4.637701536453949e-05+4.7594578783004487e-05j),(-6.403375406402516e-05+1.9505769881040582e-05j),(-6.579505833311914e-05-1.4857759284340027e-05j),(-4.9554694007135946e-05-4.655125509408762e-05j),(-1.8356737798236244e-05-6.604881269572645e-05j),(1.958437037595131e-05-6.630365757635798e-05j),(3.0080280961733944e-05-3.5374426414427535e-05j),(2.1488055555461e-05-5.723428638042711e-05j),(-2.4595811977095086e-05-6.2142053485054e-05j),(-6.130224337072054e-05-2.410236266015878e-05j),(-5.858219236858431e-05+2.7916183084479464e-05j),(-1.92993042966614e-05+6.0918127296644974e-05j),(3.084016499044474e-05+5.481475532795808e-05j),(6.01121923515611e-05+1.4648753033656708e-05j),(5.0874413386147925e-05-3.3348770119859925e-05j),(1.0188552401880165e-05-5.889669345573093e-05j),(-3.5424766452841344e-05-4.67973203288996e-05j),(-5.728608930114877e-05-5.956371842571825e-06j),(-4.2621023526371475e-05+3.705250637574745e-05j),(-1.989809405339755e-06+5.529683242023028e-05j),(3.821764614251987e-05+3.8384404711647737e-05j),(5.2947092863289974e-05-1.6733865719647485e-06j),(3.4127666852741274e-05-3.890670660742368e-05j),(-4.994917925624771e-06-5.025638490547828e-05j),(-3.910639328405447e-05-2.9892392239253496e-05j),(-4.7245043475150033e-05+7.935260755574172e-06j),(-2.5721713055996434e-05+3.880253337067578e-05j),(1.0452539596192658e-05+4.393345332552524e-05j),(3.797836895039655e-05+2.1660666724616677e-05j),(4.0340845057969764e-05-1.250062661090433e-05j),(1.7756872972681404e-05-3.661169680681516e-05j),(-1.402580910927311e-05-3.648327773801414e-05j),(-3.4669775455979977e-05-1.4061819831917688e-05j),(-3.2369963539076056e-05+1.496056349874556e-05j),(-1.063344914683375e-05+3.209945972869607e-05j),(1.5210727813096996e-05+2.799584776594938e-05j),(2.8805667131887977e-05+7.542059619374945e-06j),(2.332450645265198e-05-1.4624730003989227e-05j),(4.887476449309468e-06-2.4595078660861706e-05j),(-1.2898035244853066e-05-1.824102973939409e-05j),(-1.8975339628513745e-05-2.880501897508869e-06j),(-1.2924359011276926e-05+9.429047916762269e-06j),(-1.963589502344978e-08-7.472260969026288e-09j),(-3.952792659852266e-08-1.0870152146683865e-08j),(-1.9635895023449344e-08-7.47226096902568e-09j),(-1.2924359011276787e-05+9.429047916762235e-06j),(-1.746324903236161e-05-9.828861977364616e-07j),(-1.3584272814476858e-05-1.3136439472442357e-05j),(-1.0888795218459473e-05-1.9113057413608784e-05j),(-1.636329893330116e-05-1.9460918549213376e-05j),(-2.154559398845615e-05-1.2734405134265329e-05j),(-2.3085363461269067e-05-9.946870573697839e-06j),(-2.225218976650793e-05-1.2641093816356637e-05j),(-1.761918675364229e-05-1.9599036356026384e-05j),(-6.856067383671066e-06-2.6577475119197477e-05j),(9.408398204152278e-06-2.7236436683679842e-05j),(2.5302676734760873e-05-1.677379768672553e-05j),(3.1788297628919714e-05+3.5554904530910417e-06j),(2.2516250918340724e-05+2.4999909715032426e-05j),(-4.7374859263335326e-07+3.5295679051396324e-05j),(-2.5828784525671532e-05+2.6394792927246017e-05j),(-3.85165523478843e-05+9.404042584930023e-07j),(-2.9182808133584532e-05-2.7486172866472406e-05j),(-1.2168001779966036e-06-4.159326747614255e-05j),(2.9741915170905385e-05-3.118560751987547e-05j),(4.453531801995854e-05-6.344529601056051e-07j),(3.254427575760909e-05+3.243726691059482e-05j),(-6.407454081076864e-07+4.73190358302177e-05j),(-3.545719853777071e-05+3.333248694843731e-05j),(-4.991261344684288e-05-2.4986686470786434e-06j),(-3.3592937446342266e-05-3.8712753201885076e-05j),(4.858861754444254e-06-5.2283373454087764e-05j),(4.21310541881066e-05-3.3353100184952366e-05j),(5.4400096307780646e-05+7.657579654512892e-06j),(3.2632824374927766e-05+4.5649615469859854e-05j),(-1.0840863761844098e-05+5.623381439874559e-05j),(-4.921301749339759e-05+3.144832823556259e-05j)
"(67,)",(-6.339310962862949e-05-3.9630234632054276e-05j),(-5.194974595158938e-05-4.274687977402361e-05j),(-5.301332329810861e-05-4.063825398427124e-05j),(-5.281733741551966e-05-4.016961456366222e-05j),(-5.1407098078558375e-05-4.1325938632650874e-05j),(-4.8684359724477e-05-4.3974135187744045e-05j),(-4.4428831773319683e-05-4.7850424553648027e-05j),(-3.8341703800593974e-05-5.253266173919174e-05j),(-3.0115218699466928e-05-5.7407593730439746e-05j),(-1.9531617288199533e-05-6.164856969752614e-05j),(-6.589906594476107e-06-6.422445919157145e-05j),(8.350928560542938e-06-6.396353974373545e-05j),(2.4437985689159587e-05-5.969378396791162e-05j),(4.024168374918231e-05-5.04696843331325e-05j),(5.377861853729691e-05-3.587283052211968e-05j),(6.269515373298184e-05-1.6339394498635985e-05j),(6.464667337250525e-05+6.571473981280124e-06j),(5.7860276946280286e-05+3.0085632919705524e-05j),(4.1796704683347927e-05+5.042045873113482e-05j),(1.7745526035362354e-05+6.337146400579197e-05j),(-1.0874461854165814e-05+6.526448564285929e-05j),(-3.8741663844819475e-05+5.411676198779431e-05j),(-5.952902775999089e-05+3.0698733060703146e-05j),(-6.742686033327084e-05-9.10829029301094e-07j),(-5.8987626836943255e-05-3.3660944854729944e-05j),(-3.474466864412478e-05-5.894805674320039e-05j),(5.936169604860847e-08-6.89593789878264e-05j),(3.617984412633913e-05-5.93583881527391e-05j),(6.266450495821693e-05-3.1401128105921365e-05j),(4.7018056309140465e-05-2.2017827901559636e-06j),(5.727253211174543e-05-2.369650155474269e-05j),(2.90198899967458e-05-6.125465113596885e-05j),(-2.4595811977095127e-05-6.214205348505425e-05j),(-6.130224337072073e-05-2.410236266015896e-05j),(-5.858219236858437e-05+2.7916183084479396e-05j),(-1.9299304296661446e-05+6.091812729664517e-05j),(3.0840164990444676e-05+5.4814755327958336e-05j),(6.0112192351561325e-05+1.4648753033656936e-05j),(5.087441338614832e-05-3.334877011986015e-05j),(1.0188552401880087e-05-5.889669345573046e-05j),(-3.54247664528417e-05-4.679732032890028e-05j),(-5.7286089301148724e-05-5.956371842571885e-06j),(-4.2621023526371746e-05+3.705250637574742e-05j),(-1.9898094053398657e-06+5.5296832420230795e-05j),(3.821764614251974e-05+3.838440471164772e-05j),(5.294709286329025e-05-1.6733865719646717e-06j),(3.4127666852741396e-05-3.89067066074238e-05j),(-4.994917925624546e-06-5.025638490547827e-05j),(-3.910639328405479e-05-2.9892392239253817e-05j),(-4.7245043475150054e-05+7.9352607555741e-06j),(-2.572171305599661e-05+3.8802533370675885e-05j),(1.0452539596192727e-05+4.393345332552561e-05j),(3.7978368950396494e-05+2.1660666724616637e-05j),(4.034084505797006e-05-1.2500626610904434e-05j),(1.7756872972681333e-05-3.6611696806815026e-05j),(-1.4025809109273154e-05-3.648327773801444e-05j),(-3.466977545598008e-05-1.4061819831917763e-05j),(-3.236996353907585e-05+1.4960563498745379e-05j),(-1.0633449146834069e-05+3.2099459728696286e-05j),(1.5210727813097149e-05+2.799584776594984e-05j),(2.8805667131887737e-05+7.542059619374812e-06j),(2.3324506452652194e-05-1.4624730003989243e-05j),(4.887476449309531e-06-2.459507866086182e-05j),(-1.2898035244853105e-05-1.824102973939419e-05j),(-1.8975339628513827e-05-2.8805018975088802e-06j),(-1.2924359011276916e-05+9.429047916762242e-06j),(-1.9635895023449344e-08-7.47226096902568e-09j),(-3.952792659852314e-08-1.087015214668413e-08j),(-1.954011016966234e-08-7.43581091551759e-09j),(-1.0751675919226693e-05+9.585994971173748e-06j),(-1.606350199333384e-05+6.688262564892853e-07j),(-1.8638436343173467e-05-4.533088065676343e-06j),(-2.2311906868042792e-05-2.062701487412829e-06j),(-2.204518234460576e-05+3.247400100987859e-06j),(-2.2597738830158292e-05+2.1545593376085354e-06j),(-2.2939005723995915e-05-5.28938471557871e-06j),(-1.8386080075955723e-05-1.6710897019523216e-05j),(-5.504321551445783e-06-2.5915896058697157e-05j),(1.305791267783707e-05-2.512030869853463e-05j),(2.8200808448086797e-05-1.0748265029146496e-05j),(2.9662347717343317e-05+1.2103198756740747e-05j),(1.3674368659659406e-05+3.096879218074411e-05j),(-1.2641732838773114e-05+3.3299349078934196e-05j),(-3.40618184371168e-05+1.5268566752750627e-05j),(-3.63292024942025e-05-1.4132554061941663e-05j),(-1.591389840849875e-05-3.7331573757086254e-05j),(1.6302877684347307e-05-3.8850569008467184e-05j),(4.0675253384545604e-05-1.5799707070704693e-05j),(4.090233405625537e-05+1.899019052434144e-05j),(1.5037121132070396e-05+4.4016975055574266e-05j),(-2.2083649602484693e-05+4.250036592160402e-05j),(-4.7296291389710005e-05+1.370054044495479e-05j),(-4.365051653585915e-05-2.5499364477319993e-05j),(-1.1845426733081183e-05-5.0462245471579714e-05j),(2.9168712372887787e-05-4.435424872058888e-05j),(5.347026063101807e-05-9.516951611484958e-06j),(4.461144353542117e-05+3.303231032828377e-05j),(6.754596131371898e-06+5.628046026573964e-05j),(-3.7036700034017254e-05+4.442195126167506e-05j),(-5.8856737557134244e-05+3.5947594089382707e-06j)
"(68,)",(-3.4864766773506604e-05-6.682609129526276e-05j),(-2.20270450631422e-05-6.412656080751976e-05j),(-2.267528685947321e-05-6.342732024560248e-05j),(-2.143501670591103e-05-6.342835248487957e-05j),(-1.8311447227534314e-05-6.402040190611855e-05j),(-1.327013068226809e-05-6.492476174334146e-05j),(-6.278143310913558e-06-6.569302477152548e-05j),(2.630769306150563e-06-6.571250047175204e-05j),(1.3270873143936635e-05-6.422995185339427e-05j),(2.5208061972577562e-05-6.04088783189989e-05j),(3.766980092673944e-05-5.3434719180569146e-05j),(4.948877801361232e-05-4.267595773709608e-05j),(5.911629356120261e-05-2.7895304094314637e-05j),(6.474380617281182e-05-9.48357473872576e-06j),(6.456114215685579e-05+1.1337697197291892e-05j),(5.715248717706637e-05+3.242338240733214e-05j),(4.1985278380923983e-05+5.081093261148886e-05j),(1.988901657439993e-05+6.309844692207689e-05j),(-6.632639603612215e-06+6.611281072591952e-05j),(-3.343690799664838e-05+5.7792748387476466e-05j),(-5.527054168745086e-05+3.809641437733933e-05j),(-6.682898479549345e-05+9.643007632592013e-06j),(-6.420408509262182e-05-2.2236022555572185e-05j),(-4.637243031725727e-05-5.027987868942998e-05j),(-1.6219551616543816e-05-6.694330858745099e-05j),(1.9421304155977815e-05-6.661268114726403e-05j),(5.104497476239777e-05-4.777602504372372e-05j),(6.899169180528445e-05-1.4336692628487907e-05j),(6.661704558263099e-05+2.4661525789041432e-05j),(3.4157692644941055e-05+3.328917271939822e-05j),(5.717479921733502e-05+2.601681974787209e-05j),(6.546125869001947e-05-2.0899887456460672e-05j),(2.901988999674536e-05-6.125465113596891e-05j),(-2.4595811977095445e-05-6.214205348505391e-05j),(-6.130224337072047e-05-2.410236266015846e-05j),(-5.858219236858395e-05+2.7916183084479633e-05j),(-1.9299304296661232e-05+6.091812729664506e-05j),(3.084016499044485e-05+5.4814755327958085e-05j),(6.011219235156149e-05+1.4648753033656526e-05j),(5.087441338614726e-05-3.334877011986004e-05j),(1.0188552401879855e-05-5.889669345573078e-05j),(-3.542476645284161e-05-4.679732032889975e-05j),(-5.728608930114848e-05-5.956371842571679e-06j),(-4.2621023526371597e-05+3.705250637574774e-05j),(-1.989809405339525e-06+5.5296832420230355e-05j),(3.821764614251987e-05+3.838440471164744e-05j),(5.294709286329006e-05-1.673386571964979e-06j),(3.412766685274108e-05-3.890670660742353e-05j),(-4.994917925624828e-06-5.0256384905478314e-05j),(-3.9106393284054664e-05-2.9892392239253374e-05j),(-4.724504347514985e-05+7.935260755574316e-06j),(-2.572171305599644e-05+3.880253337067604e-05j),(1.0452539596192929e-05+4.393345332552517e-05j),(3.797836895039664e-05+2.1660666724616393e-05j),(4.0340845057969534e-05-1.2500626610904556e-05j),(1.775687297268117e-05-3.661169680681512e-05j),(-1.4025809109273308e-05-3.648327773801418e-05j),(-3.466977545597964e-05-1.4061819831917406e-05j),(-3.23699635390759e-05+1.496056349874539e-05j),(-1.0633449146834003e-05+3.209945972869658e-05j),(1.5210727813097147e-05+2.799584776594921e-05j),(2.8805667131887727e-05+7.542059619374716e-06j),(2.3324506452652042e-05-1.462473000398933e-05j),(4.88747644930936e-06-2.4595078660861757e-05j),(-1.2898035244853184e-05-1.824102973939402e-05j),(-1.897533962851365e-05-2.8805018975087197e-06j),(-1.2924359011276787e-05+9.429047916762235e-06j),(-1.954011016966234e-08-7.43581091551759e-09j),(-3.952792659852218e-08-1.0870152146685648e-08j),(-2.006172553922439e-08-6.841818304004402e-09j),(-8.821278410728835e-06+9.691309508324939e-06j),(-1.3391181395036622e-05+8.572280848844915e-06j),(-1.526453144022304e-05+1.1531572067251124e-05j),(-1.4941070443772233e-05+1.2428081333798827e-05j),(-1.8953805071546527e-05+7.45787869803176e-06j),(-2.165645628063335e-05-3.940045300370716e-06j),(-1.586589123776553e-05-1.8111405916691888e-05j),(2.2973516242999992e-07-2.625832457419789e-05j),(1.9720539804771474e-05-2.0455521672013543e-05j),(3.0479420791200845e-05-8.448076187843433e-07j),(2.355731985989665e-05+2.23604042589997e-05j),(5.860140576747817e-07+3.437562076835481e-05j),(-2.5522594050315226e-05+2.5670988116080372e-05j),(-3.793910171166705e-05-5.676055030137851e-07j),(-2.7000478202587547e-05-2.899391501061058e-05j),(2.403669794868221e-06-4.1162938172896754e-05j),(3.2654425444834726e-05-2.7654069610192498e-05j),(4.403735513189482e-05+4.7940366478518625e-06j),(2.7698524037649088e-05+3.6421588670287655e-05j),(-7.648976513091899e-06+4.655010363651338e-05j),(-4.023081342868172e-05+2.718000883766748e-05j),(-4.8687678011993815e-05-1.0898568762898615e-05j),(-2.613382109509861e-05-4.402740746338218e-05j),(1.448395939592394e-05-5.043638914512031e-05j),(4.7762833715311836e-05-2.4589458414750917e-05j),(5.1783171601895856e-05+1.835282650985036e-05j),(2.2573478180374368e-05+5.1392825973955e-05j),(-2.245686558938245e-05+5.271617113952191e-05j),(-5.4876395903133046e-05+2.01111989510693e-05j),(-5.322517255609958e-05-2.6750334943739068e-05j)
"(69,)",(2.0268158164169024e-06-7.288918113803824e-05j),(1.1054912622946686e-05-6.174011247089027e-05j),(1.1382759195555588e-05-6.134172701286512e-05j),(1.3488818882819698e-05-6.0608681775319813e-05j),(1.7299964132913132e-05-5.9362277870961326e-05j),(2.2681176259424735e-05-5.728433796611947e-05j),(2.9393117577216316e-05-5.394251298488599e-05j),(3.703825554899447e-05-4.883508165643343e-05j),(4.500661907920682e-05-4.146346491593944e-05j),(5.243801655233531e-05-3.1438294711762935e-05j),(5.8223190152347754e-05-1.8618025117483838e-05j),(6.106939585853362e-05-3.267101606125782e-06j),(5.965271027436972e-05+1.379558973726804e-05j),(5.286618856005476e-05+3.110468095604361e-05j),(4.0147474266850165e-05+4.65717317582167e-05j),(2.1832935955711284e-05+5.7681812775983675e-05j),(-5.548664378534258e-07+6.189712770517663e-05j),(-2.4209542981725607e-05+5.725009956018911e-05j),(-4.525695498105198e-05+4.303323049672769e-05j),(-5.936246870534074e-05+2.0411303313245388e-05j),(-6.270552849195983e-05-7.276378460055978e-06j),(-5.315415605773007e-05-3.475247526643792e-05j),(-3.1325063722923465e-05-5.571003185343481e-05j),(-1.1258141953398826e-06-6.433352619713996e-05j),(3.059056172502451e-05-5.7120606774996135e-05j),(5.5430242561524316e-05-3.446196369279981e-05j),(6.57488093422082e-05-1.337750539806127e-06j),(5.725128821400102e-05+3.338202477770561e-05j),(3.1023267307102665e-05+5.9158063892873385e-05j),(2.904586413365495e-06+4.4752480254051494e-05j),(2.3561650562378623e-05+5.4168460092795446e-05j),(5.890372193048896e-05+2.6616051874133573e-05j),(5.886881696164857e-05-2.4539575384369897e-05j),(2.1954905081511592e-05-5.895230740868639e-05j),(-2.7693065179129537e-05-5.549908810013295e-05j),(-5.860008490063367e-05-1.739956782724264e-05j),(-5.193637756945562e-05+3.047926720031094e-05j),(-1.2984848902767831e-05+5.785691434527033e-05j),(3.2881473409451274e-05+4.8212973101097746e-05j),(5.673494194529027e-05+8.74521822644937e-06j),(4.436248641930961e-05-3.4884804405473255e-05j),(4.714783033881943e-06-5.524847924677339e-05j),(-3.647611184275693e-05-4.0419759263769255e-05j),(-5.341385142300894e-05-9.273214861050569e-07j),(-3.6420792844311376e-05+3.764380829698053e-05j),(2.5836029954968086e-06+5.1249205789677064e-05j),(3.837759606411608e-05+3.2402712960106276e-05j),(4.877426568605659e-05-5.784410712530262e-06j),(2.8403789160625945e-05-3.8668049184835996e-05j),(-8.641100280951815e-06-4.601000440676145e-05j),(-3.850597249898556e-05-2.446353684874599e-05j),(-4.2978194589968224e-05+1.1118571996047767e-05j),(-2.0622950208436006e-05+3.788140487381622e-05j),(1.3179508940036198e-05+3.9700751160795534e-05j),(3.678202231284499e-05+1.692495032001051e-05j),(3.619870941381102e-05-1.4782494695266308e-05j),(1.3415208730771138e-05-3.519046173754415e-05j),(-1.587871737166119e-05-3.249051129357262e-05j),(-3.307954598325681e-05-1.0143681781761033e-05j),(-2.8588867206063085e-05+1.640580919000953e-05j),(-7.167654427873502e-06+3.0402999868501723e-05j),(1.6275134844827266e-05+2.4494366557336743e-05j),(2.707507699631094e-05+4.5585838438841845e-06j),(2.0180591041060742e-05-1.5341232417258536e-05j),(2.4214924462702365e-06-2.2916909271772048e-05j),(-1.330671272130606e-05-1.5552643186272054e-05j),(-1.746324903236161e-05-9.828861977364616e-07j),(-1.0751675919226693e-05+9.585994971173748e-06j),(-2.006172553922439e-08-6.841818304004402e-09j),(-3.895038622937232e-08-1.0925487932336772e-08j),(-1.8917913056014904e-08-5.282257056982426e-09j),(-2.7281186004607075e-06+1.2113626414985017e-05j),(-4.8433624894799025e-06+1.4908989565475474e-05j),(-9.694922187332086e-06+1.3578585042380282e-05j),(-1.7884195295772247e-05+6.21726682452409e-06j),(-2.000357220890683e-05-8.25380813669483e-06j),(-9.725998462455035e-06-2.225078493530385e-05j),(9.79046436090036e-06-2.4902648767464497e-05j),(2.677858515191967e-05-1.1295985436129821e-05j),(2.8707189961786828e-05+1.2272783499985923e-05j),(1.170313709683955e-05+3.112249976191806e-05j),(-1.5301327822247075e-05+3.166746293484923e-05j),(-3.524374055365187e-05+1.125137273583887e-05j),(-3.392172946591274e-05-1.870971179686761e-05j),(-1.0101763730938035e-05-3.9126872630090025e-05j),(2.2397974702795142e-05-3.554800750010322e-05j),(4.2755022352893435e-05-8.356371277241747e-06j),(3.659372955440752e-05+2.6292678618338544e-05j),(6.088794373691324e-06+4.610850314689537e-05j),(-3.0333291202949716e-05+3.7090202384750864e-05j),(-4.916599191008951e-05+3.3575601016024592e-06j),(-3.7060077479688803e-05-3.446648685111029e-05j),(-2.1276662831126864e-07-5.1905683919956216e-05j),(3.864343764254922e-05-3.652148736995138e-05j),(5.430615602402738e-05+3.3003273706576194e-06j),(3.549047332640512e-05+4.281842221038421e-05j),(-7.1392477525316646e-06+5.634698890434999e-05j),(-4.6948085021164335e-05+3.398247576400132e-05j),(-5.800922105261685e-05-1.1263086288489588e-05j),(-3.2013278617541324e-05-5.099104511987694e-05j)
"(70,)",(2.9643744824739158e-05-5.126693178546526e-05j),(3.5924677327160285e-05-4.643495620380372e-05j),(3.6977118299466924e-05-4.5335881344002146e-05j),(3.9262112543297975e-05-4.313170815962902e-05j),(4.257866312320271e-05-3.9643054991637254e-05j),(4.660112561102082e-05-3.4627173614612425e-05j),(5.085347892603812e-05-2.782851815867148e-05j),(5.469004590647259e-05-1.9051380888626267e-05j),(5.729717986940247e-05-8.254256463844286e-06j),(5.7733041106255076e-05+4.340826690534569e-06j),(5.502196930010211e-05+1.814046005802472e-05j),(4.831366099756141e-05+3.2101512437065976e-05j),(3.710326888133302e-05+4.4720530482180385e-05j),(2.1486188252714043e-05+5.413286720270425e-05j),(2.3934560317759418e-06+5.835457287944105e-05j),(-1.8272409477007596e-05+5.567316858109448e-05j),(-3.769402761979694e-05+4.514740479754816e-05j),(-5.2466811024533124e-05+2.711746625017009e-05j),(-5.922419617261797e-05+3.572081999614576e-06j),(-5.5496615850807476e-05-2.1807594503851733e-05j),(-4.062772937498344e-05-4.4078800275460944e-05j),(-1.6471587664472195e-05-5.799276951567774e-05j),(1.2444284584331435e-05-5.935685365254263e-05j),(3.953669341816089e-05-4.6488223385475305e-05j),(5.76171330305637e-05-2.128977847274341e-05j),(6.093237953446008e-05+1.0549040441726934e-05j),(4.724562701494491e-05+4.056098538286766e-05j),(1.9215340271509596e-05+5.96956601599978e-05j),(-1.5623332969778888e-05+6.120639154505904e-05j),(-2.6292222923163343e-05+3.3249136034718917e-05j),(-1.777477079796092e-05+5.292470274452384e-05j),(2.4476804979163277e-05+5.599053067372987e-05j),(5.687530964353928e-05+2.007371026648598e-05j),(5.278291640955531e-05-2.7484875196810623e-05j),(1.573171202182589e-05-5.654791291606896e-05j),(-3.0150352101747516e-05-4.9394398572148696e-05j),(-5.585547937415052e-05-1.1520038859696558e-05j),(-4.585516111526086e-05+3.2458340378575084e-05j),(-7.4703378755519865e-06+5.480990421203621e-05j),(3.439579447689983e-05+4.219657177398472e-05j),(5.3425177271127943e-05+3.6137631583988322e-06j),(3.845108309538243e-05-3.595146769248295e-05j),(-1.9036107896303756e-08-5.171726619656101e-05j),(-3.711581128842689e-05-3.4652151242527365e-05j),(-4.9703974444314235e-05+3.3978713688405955e-06j),(-3.0834181708109994e-05+3.788080679055761e-05j),(6.4928916960523675e-06+4.7404767089404104e-05j),(3.823970525884211e-05+2.7032515219677727e-05j),(4.4840552540649225e-05-9.27434717336379e-06j),(2.3283473942698008e-05-3.818663138865697e-05j),(-1.1712182545735913e-05-4.2033399600955145e-05j),(-3.771598194563667e-05-1.9624499812441696e-05j),(-3.900615319316994e-05+1.3775366746166404e-05j),(-1.6094438020681794e-05+3.682149521385832e-05j),(1.5430791264853206e-05+3.578188063128483e-05j),(3.5494763966714085e-05+1.2734059439024207e-05j),(3.238301533374089e-05-1.6641423167389634e-05j),(9.587000420574986e-06-3.372274424764422e-05j),(-1.7363075539484444e-05-2.882992065650598e-05j),(-3.1483304248759395e-05-6.701492708880142e-06j),(-2.5138246740944935e-05+1.7538371918669053e-05j),(-4.133765895717209e-06+2.873654564773453e-05j),(1.7084284011217367e-05+2.1313503535003167e-05j),(2.540568180529477e-05+1.9556209035442857e-06j),(1.7338290010311287e-05-1.5862144484409823e-05j),(2.755190572938018e-07-2.132642379975997e-05j),(-1.3584272814476858e-05-1.3136439472442357e-05j),(-1.606350199333384e-05+6.688262564892853e-07j),(-8.821278410728835e-06+9.691309508324939e-06j),(-1.8917913056014904e-08-5.282257056982426e-09j),(-2.7774813878831542e-08-8.827177012436717e-09j),(2.5431612877248132e-08+5.4540721201545904e-08j),(-7.573047000234643e-07+8.557612977091955e-06j),(-6.941614639889085e-06+7.589526568181791e-06j),(-1.265305559779594e-05+8.674808082147413e-07j),(-1.1083232459917811e-05-9.798628179415515e-06j),(-7.09686523125909e-07-1.664235599097895e-05j),(1.272753834940038e-05-1.3201768508121786e-05j),(1.9877547774842263e-05+1.7932055830614834e-07j),(1.448220881676978e-05+1.5630545016269096e-05j),(-1.5471998096728205e-06+2.259569354470873e-05j),(-1.850438373093959e-05+1.5148032082791088e-05j),(-2.4900356845891573e-05-3.2810396120560733e-06j),(-1.5309840652179638e-05-2.1338234363917797e-05j),(5.311688698648248e-06-2.6840562622267545e-05j),(2.4115359342240532e-05-1.5033204516337444e-05j),(2.844082496892722e-05+7.588456802805359e-06j),(1.4362538962397975e-05+2.681603058335136e-05j),(-1.006988341332708e-05+2.9713561048086816e-05j),(-2.941920822834747e-05+1.3331321760763078e-05j),(-3.066496372957189e-05-1.2719635697066137e-05j),(-1.1967099703175158e-05-3.1903485225033204e-05j),(1.5504449023256436e-05-3.129808605736025e-05j),(3.424765431500926e-05-1.0294182955801046e-05j),(3.161459561993228e-05+1.8393012807913535e-05j),(8.335192477170127e-06+3.643107701302631e-05j),(-2.135534377437166e-05+3.1615835265636375e-05j),(-3.8433943762137893e-05+6.111987710610635e-06j),(-3.13034948316591e-05-2.436243173307519e-05j),(-3.6462357486129605e-06-4.023747082781325e-05j)
"(71,)",(3.5640810624068485e-05-5.721005044574066e-05j),(3.606174408685647e-05-4.604934582700325e-05j),(3.7925430882977376e-05-4.4635170887690414e-05j),(4.096917028676269e-05-4.2022425100450147e-05j),(4.494691750313897e-05-3.7972051951659495e-05j),(4.9467865652635917e-05-3.2198421180948325e-05j),(5.39676814088158e-05-2.44313016639003e-05j),(5.7692744874419126e-05-1.4502963284063477e-05j),(5.9714646659602085e-05-2.4580172000575425e-06j),(5.899418099275519e-05+1.1325107758633462e-05j),(5.4511406766015714e-05+2.6024151137027268e-05j),(4.5468231789644315e-05+4.031054956056786e-05j),(3.1550520534767675e-05+5.238003825803288e-05j),(1.320863437160974e-05+6.012129104424778e-05j),(-8.116364114762553e-06+6.14500085301391e-05j),(-2.9918530989140248e-05+5.479676501510682e-05j),(-4.880612840957088e-05+3.967810107188924e-05j),(-6.100251379555995e-05+1.721361597788208e-05j),(-6.316013307560167e-05-9.599919724924242e-06j),(-5.336379639285503e-05-3.605295278255685e-05j),(-3.2073921941885474e-05-5.645541047976923e-05j),(-2.672078549632045e-06-6.541735323791422e-05j),(2.872416857694122e-05-5.9449029912587015e-05j),(5.4370501989874734e-05-3.8441919057493866e-05j),(6.684742152786871e-05-6.4728171680505345e-06j),(6.142262860678081e-05+2.8566756847713466e-05j),(3.808997644490578e-05+5.67271384674113e-05j),(2.445153241045321e-06+6.888002650598178e-05j),(-3.523215140666531e-05+5.9935633317624514e-05j),(-3.8134922109674605e-05+2.698337772486248e-05j),(-3.5380837929739575e-05+5.039703143602385e-05j),(8.332115696681308e-06+6.688740970672666e-05j),(5.3863572784613064e-05+3.906556151343731e-05j),(6.445641981416159e-05-1.25229765570183e-05j),(3.4380213926433086e-05-5.489542667005277e-05j),(-1.6411004377937184e-05-6.172712056588684e-05j),(-5.550262602191074e-05-2.9716459381460573e-05j),(-5.8726587019126335e-05+1.9971175142899643e-05j),(-2.511122704409525e-05+5.568784356742347e-05j),(2.3180069377582867e-05+5.548371955528658e-05j),(5.545613434747513e-05+2.0601560123890457e-05j),(5.2029123939253066e-05-2.601585913521175e-05j),(1.622455885106589e-05-5.4814824668506044e-05j),(-2.8458240867628117e-05-4.839499452601248e-05j),(-5.3773360594097654e-05-1.2017371257258374e-05j),(-4.4615005006086575e-05+3.0488295730196055e-05j),(-8.017251375149184e-06+5.234310351398064e-05j),(3.2088249202802886e-05+4.072421256174711e-05j),(5.053705279056352e-05+4.261714581655244e-06j),(3.6758983561285175e-05-3.324108566010688e-05j),(7.888369079192274e-07-4.836946237875226e-05j),(-3.3929945169439134e-05-3.275695249383315e-05j),(-4.5855294639141956e-05+2.3622247083676926e-06j),(-2.875703179161288e-05+3.4137178085443665e-05j),(5.1503583844488195e-06+4.3009409772838655e-05j),(3.384283361380246e-05+2.4799500685341868e-05j),(3.984529973857535e-05-7.531026751232426e-06j),(2.0926221342193153e-05-3.302215487731554e-05j),(-9.453724685298406e-06-3.6372983945817906e-05j),(-3.1641201665631566e-05-1.7181073647402095e-05j),(-3.25952388823629e-05+1.0857350410085391e-05j),(-1.3610808838556816e-05+2.964861705553132e-05j),(1.1661061821899189e-05+2.8500186339068766e-05j),(2.695847456419237e-05+1.0266870117862401e-05j),(2.404489251568488e-05-1.1743827406161024e-05j),(7.210284189193033e-06-2.3408922158478718e-05j),(-1.0888795218459473e-05-1.9113057413608784e-05j),(-1.8638436343173467e-05-4.533088065676343e-06j),(-1.3391181395036622e-05+8.572280848844915e-06j),(-2.7281186004607075e-06+1.2113626414985017e-05j),(2.5431612877248132e-08+5.4540721201545904e-08j),(-3.292722416083066e-08-9.660516653774445e-09j),(-4.5010705988048e-08-2.4933559853735627e-08j),(-1.002389985848304e-05+9.665252657921414e-06j),(-1.698913714585264e-05-2.524325084668979e-07j),(-1.3579682344599815e-05-1.458288451382267e-05j),(1.4120185708936022e-06-2.2417470305909928e-05j),(1.903158760012147e-05-1.5788701342006008e-05j),(2.6591291064730145e-05+3.3186557462545307e-06j),(1.689790867285402e-05+2.3216063476068646e-05j),(-5.724798219662637e-06+2.996699763193504e-05j),(-2.721843159418028e-05+1.72080377158329e-05j),(-3.2718190199601126e-05-8.518689239675367e-06j),(-1.6864437667252632e-05-3.105911959832548e-05j),(1.1626266406606561e-05-3.4926966216590946e-05j),(3.473415364066537e-05-1.5954644487476235e-05j),(3.663678034971901e-05+1.4989286654041261e-05j),(1.4539574686596975e-05+3.822865346998065e-05j),(-1.8557599330549184e-05+3.787244468841773e-05j),(-4.1522628476943996e-05+1.2666453692361785e-05j),(-3.864921851767605e-05-2.228571544244292e-05j),(-1.0375065581235885e-05-4.45938229597136e-05j),(2.613107909286646e-05-3.897747505845298e-05j),(4.741927049417285e-05-7.701091985609743e-06j),(3.886531457716057e-05+3.005313630648028e-05j),(4.67801830956817e-06+4.997622312599705e-05j),(-3.40128226166949e-05+3.8320123686117086e-05j),(-5.2242751935339364e-05+1.3382680701555362e-06j),(-3.734954981852649e-05-3.797228935576194e-05j),(2.2861090679570756e-06-5.419816226625717e-05j)
"(72,)",(-1.5397746421352087e-06-7.119796561786566e-05j),(1.1530501892063535e-05-6.13125165984163e-05j),(1.4226119851962375e-05-6.0838913921662154e-05j),(1.8661849206781727e-05-5.9789034318612974e-05j),(2.4713325809099665e-05-5.778452198933066e-05j),(3.213239262446395e-05-5.432827091032845e-05j),(4.048366898019549e-05-4.885354380572034e-05j),(4.908221068395898e-05-4.0806715857609297e-05j),(5.6952075576655116e-05-2.9770329907992314e-05j),(6.283250114895469e-05-1.5624535364348883e-05j),(6.52618472240805e-05+1.2697998230715753e-06j),(6.276500340582688e-05+1.9902863666486354e-05j),(5.4153012154925966e-05+3.851985787636752e-05j),(3.891160329562966e-05+5.466819048478242e-05j),(1.7610428425056715e-05+6.54549775791317e-05j),(-7.783189000274125e-06+6.804959049692329e-05j),(-3.38350911260285e-05+6.040006923910806e-05j),(-5.5963195315407917e-05+4.203932857700056e-05j),(-6.922284116269167e-05+1.4760418199221146e-05j),(-6.950580948742568e-05-1.7121140058190707e-05j),(-5.4923188629880015e-05-4.717989410806983e-05j),(-2.6971768134827788e-05-6.809468908161703e-05j),(9.002973415332153e-06-7.3542553096875e-05j),(4.445952332793605e-05-6.034262255359148e-05j),(6.95653204511973e-05-3.016275354229075e-05j),(7.60504672468334e-05+9.971538410820597e-06j),(6.02303203941802e-05+4.8907584312879255e-05j),(2.510349746841049e-05+7.435313282258611e-05j),(-1.951966276456447e-05+7.6933246252891e-05j),(-3.352994791638833e-05+4.164572910120128e-05j),(-2.339997768190367e-05+6.657265167336219e-05j),(2.991057035165193e-05+7.12185177974434e-05j),(7.152133764827671e-05+2.6437870762978376e-05j),(6.725484530524842e-05-3.374305917828904e-05j),(2.0989809954728987e-05-7.119539379803751e-05j),(-3.7149358519780446e-05-6.306212815697574e-05j),(-7.041257542478133e-05-1.5701261166007133e-05j),(-5.867832458644348e-05+4.011073818943728e-05j),(-1.0612030528922056e-05+6.918787541337956e-05j),(4.261083134454741e-05+5.41429440093864e-05j),(6.753900188503899e-05+5.761321746547904e-06j),(4.949693829821972e-05-4.463558735257619e-05j),(1.1877201212453263e-06-6.548625841209359e-05j),(-4.6173168550677064e-05-4.478262154073871e-05j),(-6.30524038239525e-05+3.070753301739582e-06j),(-4.0043633015849065e-05+4.721377331011319e-05j),(6.976489487295841e-06+6.026248898213847e-05j),(4.774935856004468e-05+3.532496544311971e-05j),(5.7143666172823066e-05-1.0491997945195215e-05j),(3.067309294544738e-05-4.7773219458274495e-05j),(-1.3579403046058664e-05-5.37249640273355e-05j),(-4.7279357169347544e-05-2.61362550643894e-05j),(-5.003701667446129e-05+1.619961492110595e-05j),(-2.176499400641028e-05+4.626151767972661e-05j),(1.8310973104470266e-05+4.6111729887394305e-05j),(4.471169424798538e-05+1.7613123440837148e-05j),(4.198186086774219e-05-1.986698859903666e-05j),(1.3739481426976477e-05-4.261770703092691e-05j),(-2.081244080601498e-05-3.76804931089231e-05j),(-3.995909668732419e-05-1.021123269438465e-05j),(-3.324046184736319e-05+2.107622021302262e-05j),(-7.110594953928461e-06+3.6699724407420045e-05j),(2.0557028129771404e-05+2.8694240259378385e-05j),(3.2773487247890546e-05+4.550409002282105e-06j),(2.4077559116109056e-05-1.909102737947191e-05j),(2.718552001949209e-06-2.8055298936133326e-05j),(-1.636329893330116e-05-1.9460918549213376e-05j),(-2.2311906868042792e-05-2.062701487412829e-06j),(-1.526453144022304e-05+1.1531572067251124e-05j),(-4.8433624894799025e-06+1.4908989565475474e-05j),(-7.573047000234643e-07+8.557612977091955e-06j),(-4.5010705988048e-08-2.4933559853735627e-08j),(-3.952792659851953e-08-1.087015214668583e-08j),(-1.9635895023451286e-08-7.47226096902477e-09j),(-1.2924359011276896e-05+9.42904791676224e-06j),(-1.8975339628513715e-05-2.880501897508839e-06j),(-1.2898035244853063e-05-1.8241029739394124e-05j),(4.887476449309423e-06-2.4595078660861737e-05j),(2.3324506452651988e-05-1.4624730003989264e-05j),(2.880566713188775e-05+7.542059619374866e-06j),(1.521072781309702e-05+2.7995847765949535e-05j),(-1.0633449146833991e-05+3.209945972869633e-05j),(-3.2369963539076e-05+1.4960563498745394e-05j),(-3.466977545597978e-05-1.4061819831917712e-05j),(-1.402580910927304e-05-3.648327773801422e-05j),(1.7756872972681296e-05-3.661169680681513e-05j),(4.034084505796971e-05-1.2500626610904486e-05j),(3.797836895039644e-05+2.1660666724616403e-05j),(1.0452539596192883e-05+4.393345332552523e-05j),(-2.5721713055996346e-05+3.880253337067594e-05j),(-4.724504347514996e-05+7.935260755574367e-06j),(-3.910639328405473e-05-2.9892392239253424e-05j),(-4.994917925624819e-06-5.025638490547829e-05j),(3.412766685274125e-05-3.890670660742374e-05j),(5.294709286329011e-05-1.673386571964802e-06j),(3.8217646142519837e-05+3.838440471164721e-05j),(-1.989809405339446e-06+5.5296832420230294e-05j),(-4.2621023526371326e-05+3.705250637574779e-05j),(-5.7286089301148683e-05-5.956371842571534e-06j),(-3.5424766452841764e-05-4.679732032889989e-05j)
"(73,)",(-5.210783720292488e-05-4.661840631973586e-05j),(-3.623320613814949e-05-4.9401499132293375e-05j),(-3.4006453578529566e-05-5.107759686064659e-05j),(-3.0135636704960563e-05-5.3639037378124067e-05j),(-2.4420575596854603e-05-5.671612170662405e-05j),(-1.6662688486638344e-05-5.9757159407712444e-05j),(-6.751815738891094e-06-6.201601667475879e-05j),(5.221481685661768e-06-6.256715066033958e-05j),(1.8838762876083456e-05-6.036930998920355e-05j),(3.323501002359215e-05-5.439741766906319e-05j),(4.70264496256956e-05-4.385242396440905e-05j),(5.833486872488308e-05-2.843846591768641e-05j),(6.496004440128963e-05-8.665525498044523e-06j),(6.473464777925911e-05+1.3901032369820806e-05j),(5.605343631930219e-05+3.6553559493887954e-05j),(3.8501475687672266e-05+5.563498280165161e-05j),(1.3427371256583536e-05+6.709412663496423e-05j),(-1.5755988596292055e-05+6.739821075717593e-05j),(-4.3771824887528575e-05+5.466194730856026e-05j),(-6.433354433689967e-05+2.97025142947674e-05j),(-7.162779414290195e-05-3.37704796103408e-06j),(-6.214972860559336e-05-3.746696499059449e-05j),(-3.6362483702032416e-05-6.381093217316615e-05j),(4.847313185681304e-07-7.432767021567173e-05j),(3.895753104322699e-05-6.434893475814493e-05j),(6.76659116289921e-05-3.487275712710119e-05j),(7.67406481416198e-05+6.6679306731577115e-06j),(6.15458175359418e-05+4.7820810510053244e-05j),(2.5225423142526328e-05+7.471073475023801e-05j),(-5.9662988617683884e-06+5.282256657500552e-05j),(1.549969698376343e-05+6.845404256855655e-05j),(6.282258893009596e-05+4.420778646954321e-05j),(7.42264911108585e-05-1.546284145254751e-05j),(3.890224226108497e-05-6.389805472238654e-05j),(-1.9794818028206094e-05-7.107879584852719e-05j),(-6.449840210746467e-05-3.3640466759180036e-05j),(-6.764265657894565e-05+2.374662796747802e-05j),(-2.846467649669231e-05+6.462903889299873e-05j),(2.7293220886285677e-05+6.395282353008439e-05j),(6.429825875593758e-05+2.3417212432140085e-05j),(6.0046136801862475e-05-3.041148840841538e-05j),(1.854051512053351e-05-6.351716624053055e-05j),(-3.308019814804835e-05-5.5961471394325845e-05j),(-6.22995803450687e-05-1.3877171434716764e-05j),(-5.17397271180947e-05+3.5279851595526734e-05j),(-9.470064155869383e-06+6.066191530007391e-05j),(3.699243726146082e-05+4.7423889862251434e-05j),(5.862303691843462e-05+5.362673416790533e-06j),(4.30592070740934e-05-3.820103397213494e-05j),(1.5996098385357282e-06-5.620409316655808e-05j),(-3.888919049669584e-05-3.869355025506059e-05j),(-5.342831956172574e-05+1.7724843275805966e-06j),(-3.437809511504011e-05+3.903995528646878e-05j),(4.703420497596835e-06+5.032082711663609e-05j),(3.863432905278466e-05+3.0168569140967394e-05j),(4.690840313592484e-05-7.13686392016665e-06j),(2.6127581321383245e-05-3.764870415076728e-05j),(-9.00566897099287e-06-4.321942534832619e-05j),(-3.605038344487064e-05-2.232919668313574e-05j),(-3.928421494640207e-05+1.0222899826688e-05j),(-1.8868701677843324e-05+3.378907106125223e-05j),(1.0662637796524562e-05+3.513692364963524e-05j),(3.077858161812636e-05+1.588622177178004e-05j),(3.0822867986877405e-05-1.0111961722287514e-05j),(1.3635163208717565e-05-2.6848290330617608e-05j),(-8.11673743720246e-06-2.6424402035854392e-05j),(-2.154559398845615e-05-1.2734405134265329e-05j),(-2.204518234460576e-05+3.247400100987859e-06j),(-1.4941070443772233e-05+1.2428081333798827e-05j),(-9.694922187332086e-06+1.3578585042380282e-05j),(-6.941614639889085e-06+7.589526568181791e-06j),(-1.002389985848304e-05+9.665252657921414e-06j),(-1.9635895023451286e-08-7.47226096902477e-09j),(-3.952792659852022e-08-1.0870152146685354e-08j),(-1.963589502345019e-08-7.472260969024683e-09j),(-1.2924359011276925e-05+9.429047916762247e-06j),(-1.8975339628513776e-05-2.8805018975088976e-06j),(-1.2898035244853112e-05-1.8241029739394077e-05j),(4.887476449309383e-06-2.4595078660861706e-05j),(2.3324506452652167e-05-1.4624730003989259e-05j),(2.8805667131887825e-05+7.542059619374914e-06j),(1.5210727813097108e-05+2.7995847765949505e-05j),(-1.0633449146833935e-05+3.209945972869631e-05j),(-3.236996353907601e-05+1.496056349874542e-05j),(-3.4669775455979895e-05-1.406181983191774e-05j),(-1.4025809109273227e-05-3.648327773801437e-05j),(1.7756872972681255e-05-3.661169680681514e-05j),(4.034084505796977e-05-1.2500626610904488e-05j),(3.7978368950396555e-05+2.1660666724616423e-05j),(1.0452539596192907e-05+4.39334533255253e-05j),(-2.572171305599639e-05+3.880253337067601e-05j),(-4.7245043475150054e-05+7.935260755574367e-06j),(-3.910639328405483e-05-2.9892392239253516e-05j),(-4.9949179256248316e-06-5.0256384905478334e-05j),(3.4127666852741315e-05-3.8906706607423774e-05j),(5.294709286328998e-05-1.6733865719649722e-06j),(3.821764614251994e-05+3.838440471164731e-05j),(-1.9898094053393016e-06+5.529683242023058e-05j),(-4.2621023526371434e-05+3.705250637574789e-05j),(-5.72860893011488e-05-5.95637184257153e-06j)
"(74,)",(-6.832217672285948e-05+6.1284799558613394e-06j),(-5.96935500486781e-05-7.1565926727071835e-06j),(-5.939184390058349e-05-9.98060552175381e-06j),(-5.8594400958547514e-05-1.464248115787477e-05j),(-5.687161115227677e-05-2.102742082996212e-05j),(-5.365674741890461e-05-2.888397675277488e-05j),(-4.8302518677031256e-05-3.774622005941475e-05j),(-4.017951201029771e-05-4.6857824079606626e-05j),(-2.8824836119734637e-05-5.512370797662686e-05j),(-1.4137201946443455e-05-6.112373828501531e-05j),(3.4056635293771033e-06-6.32264926745694e-05j),(2.2557830329759144e-05-5.983293431078222e-05j),(4.122057384736659e-05-4.9754037651496767e-05j),(5.6552045475507776e-05-3.268068751136242e-05j),(6.534668359428095e-05-9.6442101286012e-06j),(6.470542998481254e-05+1.6691529636687152e-05j),(5.2920955673697874e-05+4.209303782270672e-05j),(3.0379639399383996e-05+6.13280609069598e-05j),(1.739460523056052e-07+6.92812083308002e-05j),(-3.1917760234367205e-05+6.245812614837163e-05j),(-5.8336925155703415e-05+4.049847401355973e-05j),(-7.154877587396149e-05+7.150146080211949e-06j),(-6.640416245216582e-05-2.9851252947265902e-05j),(-4.236326636566662e-05-6.0326020316485485e-05j),(-4.689787326813067e-06-7.448452234572347e-05j),(3.6155183320518896e-05-6.634310206491798e-05j),(6.718788696588003e-05-3.654422111378154e-05j),(7.712419651223686e-05+6.700059903168233e-06j),(6.082333800517629e-05+4.9386129487691766e-05j),(2.2602003903335444e-05+4.778233733777818e-05j),(4.870386616677381e-05+5.00283782404485e-05j),(7.62457782048671e-05+4.953613123106334e-06j),(5.5026508463844316e-05-5.155485477022746e-05j),(2.5312239269180958e-08-7.438885580117974e-05j),(-5.349485461415875e-05-5.019868235312235e-05j),(-7.216848762313221e-05+4.609233090063297e-06j),(-4.534293656871867e-05+5.4968246721403276e-05j),(8.917467861726023e-06+6.961286961172928e-05j),(5.597336445499913e-05+4.0502707042057503e-05j),(6.675287012122223e-05-1.286815344779662e-05j),(3.5722401797629376e-05-5.651133625251026e-05j),(-1.6431292458227312e-05-6.362202227227202e-05j),(-5.658601098670064e-05-3.104749579511602e-05j),(-6.0256566318593976e-05+1.9577955731067243e-05j),(-2.6524753668964818e-05+5.6203845784507525e-05j),(2.2279968166486114e-05+5.6695573441072464e-05j),(5.537374558800048e-05+2.2202647525531907e-05j),(5.2981202186417456e-05-2.4509382594234755e-05j),(1.8132081880553202e-05-5.410683630118172e-05j),(-2.6237620442236406e-05-4.9159174628439355e-05j),(-5.241613886089996e-05-1.4367621737735309e-05j),(-4.52796273307843e-05+2.7434060486007406e-05j),(-1.0969585429186998e-05+5.031608091708313e-05j),(2.806365582678462e-05+4.1398627972899564e-05j),(4.7821711181768276e-05+8.00771263879903e-06j),(3.758093570416117e-05-2.808271011804808e-05j),(5.567911943055117e-06-4.494729214144645e-05j),(-2.743083788549121e-05-3.390522963668447e-05j),(-4.170336496608424e-05-3.7655769891830064e-06j),(-3.0474571612222636e-05+2.6014050612319933e-05j),(-2.7745183332292344e-06+3.8089232260498487e-05j),(2.366383656282893e-05+2.7438605600728393e-05j),(3.406783921429606e-05+2.8983103363663338e-06j),(2.5040687812823228e-05-2.0016734996849817e-05j),(4.774098266164836e-06-2.9448418572223492e-05j),(-1.40555437693193e-05-2.3661823020741788e-05j),(-2.3085363461269067e-05-9.946870573697839e-06j),(-2.2597738830158292e-05+2.1545593376085354e-06j),(-1.8953805071546527e-05+7.45787869803176e-06j),(-1.7884195295772247e-05+6.21726682452409e-06j),(-1.265305559779594e-05+8.674808082147413e-07j),(-1.698913714585264e-05-2.524325084668979e-07j),(-1.2924359011276896e-05+9.42904791676224e-06j),(-1.963589502345019e-08-7.472260969024683e-09j),(-3.9527926598520096e-08-1.0870152146685845e-08j),(-1.963589502345015e-08-7.472260969024251e-09j),(-1.2924359011276979e-05+9.429047916762249e-06j),(-1.8975339628513752e-05-2.8805018975088286e-06j),(-1.2898035244853113e-05-1.824102973939401e-05j),(4.887476449309484e-06-2.459507866086179e-05j),(2.33245064526522e-05-1.4624730003989279e-05j),(2.880566713188784e-05+7.542059619374815e-06j),(1.5210727813097138e-05+2.7995847765949423e-05j),(-1.0633449146833883e-05+3.209945972869631e-05j),(-3.2369963539076056e-05+1.496056349874549e-05j),(-3.46697754559801e-05-1.406181983191767e-05j),(-1.402580910927328e-05-3.648327773801429e-05j),(1.775687297268126e-05-3.6611696806815114e-05j),(4.0340845057969805e-05-1.2500626610904544e-05j),(3.7978368950396576e-05+2.1660666724616437e-05j),(1.0452539596192932e-05+4.3933453325525326e-05j),(-2.5721713055996376e-05+3.8802533370676055e-05j),(-4.724504347515008e-05+7.935260755574411e-06j),(-3.910639328405487e-05-2.989239223925348e-05j),(-4.9949179256248595e-06-5.0256384905478395e-05j),(3.4127666852741e-05-3.8906706607423794e-05j),(5.294709286329006e-05-1.6733865719651155e-06j),(3.821764614252021e-05+3.838440471164732e-05j),(-1.989809405339291e-06+5.52968324202306e-05j),(-4.2621023526371454e-05+3.705250637574791e-05j)
"(75,)",(-4.1339393125575027e-05+5.304245362972988e-05j),(-4.511896343337599e-05+3.7947428847164256e-05j),(-4.701270476483725e-05+3.575608720007022e-05j),(-4.992053944546992e-05+3.190851749400432e-05j),(-5.344106183360025e-05+2.6157610536721457e-05j),(-5.696640755227671e-05+1.825408367707796e-05j),(-5.966432669696354e-05+8.050846849229968e-06j),(-6.049540167926206e-05-4.3612055950467375e-06j),(-5.82927157911281e-05-1.8500280533234872e-05j),(-5.192814723877075e-05-3.3355262650686494e-05j),(-4.0574782191648225e-05-4.731271142997505e-05j),(-2.40454905884355e-05-5.821407308728478e-05j),(-3.144845556408695e-06-6.36054038635549e-05j),(2.0075545063401478e-05-6.121154006262141e-05j),(4.230117327607779e-05-4.960200130868622e-05j),(5.931495041649176e-05-2.892297505291083e-05j),(6.680226944117938e-05-1.4728358190766964e-06j),(6.15320311385261e-05+2.815972755020149e-05j),(4.266115083715631e-05+5.364577010198524e-05j),(1.2739525425154275e-05+6.825078798751703e-05j),(-2.207831365684399e-05+6.677801351224814e-05j),(-5.299638561923957e-05+4.7621783846522145e-05j),(-7.076739286444584e-05+1.4187548544909636e-05j),(-6.867301025254087e-05-2.5082316753374724e-05j),(-4.5372381534003906e-05-5.8523238360342086e-05j),(-6.446543141633301e-06-7.472019524091603e-05j),(3.6341837196500056e-05-6.668824423243901e-05j),(6.835502597720612e-05-3.5230668574836233e-05j),(7.719336094351502e-05+1.0117777070291563e-05j),(4.3786435494772884e-05+2.9085250731736948e-05j),(6.710598097162223e-05+1.7957181299390588e-05j),(6.7729478644374e-05-3.4502071907785935e-05j),(2.0957059818864532e-05-7.2018174612687e-05j),(-3.7602060860623876e-05-6.371873677013522e-05j),(-7.11703638289254e-05-1.6030825748057728e-05j),(-5.957409929778891e-05+4.0266524689645705e-05j),(-1.1337141188588702e-05+6.993025319908539e-05j),(4.2483453903452645e-05+5.5337897623184145e-05j),(6.832080008719833e-05+6.914234378304477e-06j),(5.1054357728635115e-05-4.42432375939668e-05j),(2.8000668710004628e-06-6.636800658038236e-05j),(-4.5538529983701405e-05-4.676977103037401e-05j),(-6.41009652018451e-05+9.67371900066642e-07j),(-4.253282105396486e-05+4.636402304682212e-05j),(4.349552755251182e-06+6.155195998492115e-05j),(4.671607743989135e-05+3.839515005126548e-05j),(5.8756654227989584e-05-7.306556481199725e-06j),(3.441230499656839e-05-4.65921262874054e-05j),(-9.795673915971334e-06-5.575441134635058e-05j),(-4.5989690683409415e-05-3.0645303425214115e-05j),(-5.2588815743388425e-05+1.1769069547603549e-05j),(-2.716325216506211e-05+4.490468405885187e-05j),(1.3169758816570856e-05+4.930848025673104e-05j),(4.332831082381173e-05+2.404783656071295e-05j),(4.5968206539682205e-05-1.3924346861344735e-05j),(2.1401302456881535e-05-4.124093266973997e-05j),(-1.3929056963814166e-05-4.263031694360765e-05j),(-3.8598683554808614e-05-1.9361300833749242e-05j),(-3.9364603496505154e-05+1.3020552422246145e-05j),(-1.8129719014465292e-05+3.530044784126562e-05j),(1.0908581674639376e-05+3.623818459345564e-05j),(3.109304417752951e-05+1.8028658437714946e-05j),(3.324590287230429e-05-7.002963335935983e-06j),(1.9577975023365746e-05-2.524667822379928e-05j),(4.213053103334171e-08-2.9866582346273734e-05j),(-1.5307149935922044e-05-2.3134717466994587e-05j),(-2.225218976650793e-05-1.2641093816356637e-05j),(-2.2939005723995915e-05-5.28938471557871e-06j),(-2.165645628063335e-05-3.940045300370716e-06j),(-2.000357220890683e-05-8.25380813669483e-06j),(-1.1083232459917811e-05-9.798628179415515e-06j),(-1.3579682344599815e-05-1.458288451382267e-05j),(-1.8975339628513715e-05-2.880501897508839e-06j),(-1.2924359011276925e-05+9.429047916762247e-06j),(-1.963589502345015e-08-7.472260969024251e-09j),(-3.952792659851935e-08-1.0870152146685951e-08j),(-1.9635895023450932e-08-7.472260969024354e-09j),(-1.2924359011276884e-05+9.42904791676225e-06j),(-1.897533962851365e-05-2.8805018975087765e-06j),(-1.2898035244853068e-05-1.8241029739394074e-05j),(4.887476449309474e-06-2.459507866086176e-05j),(2.3324506452652072e-05-1.4624730003989311e-05j),(2.8805667131887703e-05+7.542059619374711e-06j),(1.5210727813097123e-05+2.799584776594929e-05j),(-1.0633449146833827e-05+3.2099459728696286e-05j),(-3.236996353907604e-05+1.4960563498745638e-05j),(-3.4669775455979977e-05-1.4061819831917524e-05j),(-1.4025809109273239e-05-3.6483277738014156e-05j),(1.7756872972681167e-05-3.661169680681509e-05j),(4.034084505796969e-05-1.2500626610904524e-05j),(3.7978368950396494e-05+2.1660666724616372e-05j),(1.0452539596192946e-05+4.393345332552524e-05j),(-2.5721713055996295e-05+3.880253337067601e-05j),(-4.724504347514993e-05+7.935260755574445e-06j),(-3.910639328405477e-05-2.98923922392534e-05j),(-4.994917925625078e-06-5.025638490547803e-05j),(3.412766685274086e-05-3.890670660742384e-05j),(5.2947092863290096e-05-1.6733865719652877e-06j),(3.8217646142520135e-05+3.83844047116472e-05j),(-1.989809405339262e-06+5.5296832420230456e-05j)
"(76,)",(1.031706677544334e-05+6.506125944901339e-05j),(-3.0596766396542256e-06+5.768506902366919e-05j),(-6.013296074225752e-06+5.75697085996128e-05j),(-1.0906716885730529e-05+5.704281145472018e-05j),(-1.7637211716366217e-05+5.5614202755981316e-05j),(-2.594862404278934e-05+5.2634814577057924e-05j),(-3.533507141329967e-05+4.736312397087915e-05j),(-4.494829762157517e-05+3.908474702016403e-05j),(-5.3542636161701324e-05+2.729528076809819e-05j),(-5.95028805361426e-05+1.1939052284763521e-05j),(-6.100309521592774e-05-6.332120489756888e-06j),(-5.63295130632072e-05-2.5951542995489615e-05j),(-4.436062975391474e-05-4.438427047861502e-05j),(-2.5131889658367084e-05-5.833938067381053e-05j),(-3.333610758490867e-07-6.432583891334178e-05j),(2.6475075390000872e-05-5.954011521535087e-05j),(5.015486069596454e-05-4.293396285237926e-05j),(6.492444446158078e-05-1.615689993204635e-05j),(6.588402796136293e-05+1.603465598349023e-05j),(5.080492579605349e-05+4.628337188580203e-05j),(2.1604652102958002e-05+6.622393247218965e-05j),(-1.5181749388669733e-05+6.895143136253872e-05j),(-4.947024402552407e-05+5.170088800044577e-05j),(-7.031335662653073e-05+1.773906357322007e-05j),(-6.961102110338272e-05-2.3535990941610727e-05j),(-4.56187261869057e-05-5.883879335350557e-05j),(-4.742149813582077e-06-7.527466263418748e-05j),(3.956251096581268e-05-6.535555645042762e-05j),(7.098349523835082e-05-3.078301659901749e-05j),(5.220056867406497e-05+2.925390998296962e-06j),(6.674533659506355e-05-1.7989693035642732e-05j),(4.1232308747796976e-05-6.340473034926695e-05j),(-1.7609949201526336e-05-7.25165983785382e-05j),(-6.394601475995784e-05-3.64449692108102e-05j),(-6.940595196475177e-05+2.1184088980379823e-05j),(-3.1789398030398595e-05+6.406306834439918e-05j),(2.435404144185366e-05+6.610815216783672e-05j),(6.37688089170369e-05+2.7309184279250275e-05j),(6.266449362681279e-05-2.709885637163932e-05j),(2.304885415587141e-05-6.307907105712288e-05j),(-2.9398810218288594e-05-5.911910951461572e-05j),(-6.20125117909185e-05-1.905433673543771e-05j),(-5.551931362745859e-05+3.1234898459548736e-05j),(-1.5373732200589527e-05+6.059046329660494e-05j),(3.258801131982439e-05+5.191615810942018e-05j),(5.8836687162132416e-05+1.2058552159348853e-05j),(4.836531569247197e-05-3.343758948637697e-05j),(9.165722144935895e-06-5.677693142571054e-05j),(-3.375938356832046e-05-4.4928454515135185e-05j),(-5.443806885770883e-05-6.760862145325608e-06j),(-4.16753611110588e-05+3.352158490135089e-05j),(-4.92380146982887e-06+5.184629676859672e-05j),(3.267781725345262e-05+3.8687172510456506e-05j),(4.902310631765664e-05+3.758178549021825e-06j),(3.6061087049317e-05-3.115366244981362e-05j),(3.4088484332802757e-06-4.5975568277184295e-05j),(-2.881883053725154e-05-3.391620021984981e-05j),(-4.2670857089871335e-05-4.0947120774124055e-06j),(-3.239539548100612e-05+2.5424754512550223e-05j),(-6.171349431649569e-06+3.896240615788704e-05j),(2.045246900133662e-05+3.163202538979359e-05j),(3.4350395112353034e-05+1.0234767090064173e-05j),(3.150135695841646e-05-1.2727627395249292e-05j),(1.7094574724572952e-05-2.713617640496269e-05j),(2.9016234859170264e-07-3.0138914888636392e-05j),(-1.192826297757145e-05-2.5558041382200806e-05j),(-1.761918675364229e-05-1.9599036356026384e-05j),(-1.8386080075955723e-05-1.6710897019523216e-05j),(-1.586589123776553e-05-1.8111405916691888e-05j),(-9.725998462455035e-06-2.225078493530385e-05j),(-7.09686523125909e-07-1.664235599097895e-05j),(1.4120185708936022e-06-2.2417470305909928e-05j),(-1.2898035244853063e-05-1.8241029739394124e-05j),(-1.8975339628513776e-05-2.8805018975088976e-06j),(-1.2924359011276979e-05+9.429047916762249e-06j),(-1.9635895023450932e-08-7.472260969024354e-09j),(-3.952792659851977e-08-1.08701521466854e-08j),(-1.9571934453333824e-08-7.447921356747757e-09j),(-1.2924359011276845e-05+9.42904791676225e-06j),(-1.8975339628513745e-05-2.880501897508873e-06j),(-1.2898035244853093e-05-1.8241029739394138e-05j),(4.887476449309414e-06-2.4595078660861794e-05j),(2.3324506452652025e-05-1.462473000398933e-05j),(2.8805667131887727e-05+7.542059619374687e-06j),(1.5210727813097191e-05+2.7995847765949362e-05j),(-1.0633449146833781e-05+3.2099459728696496e-05j),(-3.2369963539075995e-05+1.496056349874567e-05j),(-3.4669775455980004e-05-1.4061819831917555e-05j),(-1.4025809109273305e-05-3.6483277738014265e-05j),(1.7756872972681194e-05-3.661169680681516e-05j),(4.034084505796975e-05-1.2500626610904556e-05j),(3.797836895039656e-05+2.16606667246164e-05j),(1.0452539596192946e-05+4.393345332552531e-05j),(-2.5721713055996346e-05+3.880253337067604e-05j),(-4.724504347515003e-05+7.935260755574437e-06j),(-3.9106393284054874e-05-2.9892392239253103e-05j),(-4.994917925625173e-06-5.0256384905478165e-05j),(3.412766685274091e-05-3.890670660742407e-05j),(5.2947092863290205e-05-1.6733865719652627e-06j),(3.821764614252021e-05+3.8384404711647296e-05j)
"(77,)",(5.341787876173181e-05+3.609561615970433e-05j),(3.918318177242318e-05+4.0777665214149816e-05j),(3.703673035069604e-05+4.2901135675196055e-05j),(3.322066213887191e-05+4.6173411708606883e-05j),(2.7431474702246602e-05+5.015578115300591e-05j),(1.936035509059203e-05+5.41725184567084e-05j),(8.820596625221697e-06+5.72862630698486e-05j),(-4.085918748490471e-06+5.831966130597416e-05j),(-1.8783324398674135e-05+5.595892030293232e-05j),(-3.406162015003663e-05+4.8968965245066624e-05j),(-4.8011249606714995e-05+3.652700993412645e-05j),(-5.8136732117864976e-05+1.8638045391620655e-05j),(-6.172203821033663e-05-3.4635438161494794e-06j),(-5.646754208430333e-05-2.708065521952484e-05j),(-4.132033127580635e-05-4.817161505586187e-05j),(-1.7293629551323008e-05-6.196721875326058e-05j),(1.2038937240642035e-05-6.41095261061172e-05j),(4.071842963253413e-05-5.2128814809179146e-05j),(6.147791084140936e-05-2.6841124002551055e-05j),(6.768011602928685e-05+6.912332199297538e-06j),(5.568696897003005e-05+4.0734101657488376e-05j),(2.6870560233104897e-05+6.460231398633304e-05j),(-1.1672107927643508e-05+6.998161781477055e-05j),(-4.840667760381449e-05+5.321090592370412e-05j),(-7.070935962496428e-05+1.78404438759597e-05j),(-6.943308432899372e-05-2.5356975821677456e-05j),(-4.3055032511072285e-05-6.130408799356047e-05j),(4.898079890366809e-07-7.59057301449867e-05j),(4.561017132202273e-05-6.191499058166986e-05j),(4.656858350892359e-05-2.315517132567159e-05j),(4.9165761862284774e-05-4.812886835699566e-05j),(5.053757082873767e-06-7.510180131376321e-05j),(-5.037550225500907e-05-5.456270128046953e-05j),(-7.323195854675277e-05-9.497065155931386e-07j),(-5.035925098414616e-05+5.173877159093492e-05j),(2.810700491482811e-06+7.109350619175002e-05j),(5.2669744743828436e-05+4.623229332988925e-05j),(6.872121313684972e-05-6.195223246142509e-06j),(4.223029615026278e-05-5.317120831012563e-05j),(-9.1713245570238e-06-6.615281721854888e-05j),(-5.324759420798241e-05-3.8404350692999895e-05j),(-6.342913508043175e-05+1.170527843599548e-05j),(-3.480905770770016e-05+5.290427852306943e-05j),(1.3760757887636677e-05+6.059421064803771e-05j),(5.2146434606570653e-05+3.150389873025944e-05j),(5.7695469298778463e-05-1.529658178704707e-05j),(2.855534891726049e-05-5.0977094513304636e-05j),(-1.6263050674705456e-05-5.478376440458479e-05j),(-4.939373573389739e-05-2.6040138151221096e-05j),(-5.191298578048321e-05+1.659581999754078e-05j),(-2.405029297082001e-05+4.738197704139344e-05j),(1.6205295813244774e-05+4.913830241531341e-05j),(4.4903281809168164e-05+2.2700856980105768e-05j),(4.6510401334962605e-05-1.4957553035319323e-05j),(2.2141120124514028e-05-4.186945398690274e-05j),(-1.2638675977093079e-05-4.405789192937456e-05j),(-3.808607177387232e-05-2.2567697880408162e-05j),(-4.173313818520681e-05+8.886709018829895e-06j),(-2.422206283456838e-05+3.311841873775574e-05j),(3.0686827985059705e-06+3.92378112847961e-05j),(2.5961096764364073e-05+2.7269459101586266e-05j),(3.5434824852331024e-05+5.850729475770464e-06j),(3.101083887185739e-05-1.4309246476732827e-05j),(1.861804179667366e-05-2.648544973877806e-05j),(5.59681863577603e-06-3.0085640451417175e-05j),(-3.3209941718593066e-06-2.871252792739025e-05j),(-6.856067383671066e-06-2.6577475119197477e-05j),(-5.504321551445783e-06-2.5915896058697157e-05j),(2.2973516242999992e-07-2.625832457419789e-05j),(9.79046436090036e-06-2.4902648767464497e-05j),(1.272753834940038e-05-1.3201768508121786e-05j),(1.903158760012147e-05-1.5788701342006008e-05j),(4.887476449309423e-06-2.4595078660861737e-05j),(-1.2898035244853112e-05-1.8241029739394077e-05j),(-1.8975339628513752e-05-2.8805018975088286e-06j),(-1.2924359011276884e-05+9.42904791676225e-06j),(-1.9571934453333824e-08-7.447921356747757e-09j),(-3.952792659852157e-08-1.0870152146685878e-08j),(-1.9382528636006134e-08-7.3758446984553985e-09j),(-1.292435901127698e-05+9.429047916762288e-06j),(-1.897533962851385e-05-2.8805018975088675e-06j),(-1.2898035244853205e-05-1.8241029739394135e-05j),(4.887476449309345e-06-2.4595078660861845e-05j),(2.3324506452652066e-05-1.4624730003989428e-05j),(2.8805667131887903e-05+7.542059619374665e-06j),(1.521072781309744e-05+2.7995847765949518e-05j),(-1.0633449146833722e-05+3.20994597286966e-05j),(-3.236996353907609e-05+1.4960563498745765e-05j),(-3.4669775455980214e-05-1.4061819831917565e-05j),(-1.4025809109273401e-05-3.648327773801437e-05j),(1.7756872972681235e-05-3.661169680681534e-05j),(4.034084505796991e-05-1.2500626610904652e-05j),(3.797836895039676e-05+2.166066672461646e-05j),(1.0452539596193068e-05+4.393345332552548e-05j),(-2.5721713055996373e-05+3.880253337067625e-05j),(-4.724504347514997e-05+7.935260755574789e-06j),(-3.9106393284055124e-05-2.9892392239253204e-05j),(-4.994917925625402e-06-5.0256384905478476e-05j),(3.412766685274104e-05-3.890670660742432e-05j),(5.2947092863290415e-05-1.673386571965341e-06j)
"(78,)",(6.144494074441693e-05-1.4065107754262888e-05j),(5.5306809150084015e-05-7.20567194170765e-07j),(5.5393977116749725e-05+2.3652652131915632e-06j),(5.5156769334779244e-05+7.498992229533726e-06j),(5.403218537791805e-05+1.459293303341928e-05j),(5.1272184176115134e-05+2.3383401613442463e-05j),(4.602379628210284e-05+3.331035010135619e-05j),(3.747809769001346e-05+4.340412750173052e-05j),(2.5099758886954923e-05+5.2225506904347106e-05j),(8.92292003339314e-06+5.79194217315612e-05j),(-1.0141721036468667e-05+5.8442836062078964e-05j),(-3.009128778447598e-05+5.1999958560397434e-05j),(-4.784474116142741e-05+3.7654976227516694e-05j),(-5.9620852895444626e-05+1.5998067916573575e-05j),(-6.174483520213771e-05-1.0360036056394228e-05j),(-5.1803565017879826e-05-3.674922463820878e-05j),(-2.9874826136122662e-05-5.710309777210863e-05j),(6.194866209600542e-07-6.539465035608447e-05j),(3.2942744652272594e-05-5.7613061923786966e-05j),(5.830724652911287e-05-3.370671342556956e-05j),(6.832992357100588e-05+1.313888361661957e-06j),(5.8091442053302095e-05+3.786917530066721e-05j),(2.872019197481286e-05+6.422402414581965e-05j),(-1.1739333330978461e-05+7.039395589272396e-05j),(-5.0038832311828295e-05+5.229939194147139e-05j),(-7.196567748139272e-05+1.4432163298602235e-05j),(-6.787493611360773e-05-3.0506343682178083e-05j),(-3.7351943733534796e-05-6.553374120062438e-05j),(9.281160522574536e-06-7.587911369254213e-05j),(2.945335396151014e-05-4.254112594652033e-05j),(2.0145432322634368e-05-6.54612253927903e-05j),(-3.1087034362731447e-05-6.817655485467741e-05j),(-6.986085403212364e-05-2.415399565885427e-05j),(-6.476882620054732e-05+3.3445141591852876e-05j),(-2.0217042906066625e-05+6.895360358891492e-05j),(3.536848170440605e-05+6.133747742135742e-05j),(6.773446453253275e-05+1.6592033124586488e-05j),(5.7930526187929846e-05-3.6844398270006237e-05j),(1.3322933974174632e-05-6.622943659708413e-05j),(-3.785984580970102e-05-5.4599026497499416e-05j),(-6.44661187491216e-05-1.0456789895216133e-05j),(-5.139766052572769e-05+3.8399912426033325e-05j),(-8.045529545005771e-06+6.247289184652996e-05j),(3.84454759279391e-05+4.838555547131859e-05j),(6.027747557503455e-05+6.1487343325413495e-06j),(4.5627335121243305e-05-3.7969394051589815e-05j),(4.8379178691014985e-06-5.790426330060422e-05j),(-3.693012344905439e-05-4.319429376671216e-05j),(-5.53691789423606e-05-4.20321086486432e-06j),(-4.1165183448892324e-05+3.5260657594253455e-05j),(-4.3638635687109315e-06+5.2669293751420974e-05j),(3.284862371571982e-05+3.9624877397404316e-05j),(4.976082932804173e-05+5.484532061828506e-06j),(3.865534486647882e-05-2.9499152790895052e-05j),(7.798727903184597e-06-4.651009451833788e-05j),(-2.4863818151473103e-05-3.830104523182e-05j),(-4.2578332428671414e-05-1.1632605380843292e-05j),(-3.844951763570168e-05+1.8306702302366538e-05j),(-1.737374176663466e-05+3.7141941035359055e-05j),(8.694803425437709e-06+3.842747854016294e-05j),(2.8240033208991696e-05+2.508321753973447e-05j),(3.56938292023349e-05+5.5711022358504936e-06j),(3.239046884075478e-05-1.1795197228986987e-05j),(2.3693732647574805e-05-2.2721929604350198e-05j),(1.5115811527503483e-05-2.7351310218154905e-05j),(9.998561149441885e-06-2.8129310398146996e-05j),(9.408398204152278e-06-2.7236436683679842e-05j),(1.305791267783707e-05-2.512030869853463e-05j),(1.9720539804771474e-05-2.0455521672013543e-05j),(2.677858515191967e-05-1.1295985436129821e-05j),(1.9877547774842263e-05+1.7932055830614834e-07j),(2.6591291064730145e-05+3.3186557462545307e-06j),(2.3324506452651988e-05-1.4624730003989264e-05j),(4.887476449309383e-06-2.4595078660861706e-05j),(-1.2898035244853113e-05-1.824102973939401e-05j),(-1.897533962851365e-05-2.8805018975087765e-06j),(-1.2924359011276845e-05+9.42904791676225e-06j),(-1.9382528636006134e-08-7.3758446984553985e-09j),(-3.9527926598521274e-08-1.0870152146686004e-08j),(-1.9476771076720558e-08-7.4117078007174675e-09j),(-1.2924359011276843e-05+9.42904791676222e-06j),(-1.8975339628513637e-05-2.880501897508748e-06j),(-1.28980352448531e-05-1.8241029739393847e-05j),(4.887476449309224e-06-2.4595078660861567e-05j),(2.332450645265182e-05-1.4624730003989359e-05j),(2.880566713188776e-05+7.54205961937447e-06j),(1.521072781309736e-05+2.799584776594911e-05j),(-1.0633449146833535e-05+3.209945972869625e-05j),(-3.236996353907575e-05+1.4960563498745687e-05j),(-3.466977545597987e-05-1.406181983191736e-05j),(-1.4025809109273323e-05-3.648327773801399e-05j),(1.7756872972680984e-05-3.6611696806815e-05j),(4.034084505796951e-05-1.2500626610904635e-05j),(3.797836895039646e-05+2.1660666724616135e-05j),(1.0452539596193068e-05+4.3933453325525e-05j),(-2.572171305599574e-05+3.8802533370675865e-05j),(-4.724504347514953e-05+7.935260755574767e-06j),(-3.910639328405494e-05-2.9892392239252845e-05j),(-4.994917925625456e-06-5.0256384905478036e-05j),(3.412766685274058e-05-3.890670660742402e-05j)
"(79,)",(3.093736991049094e-05-5.322707345897294e-05j),(3.6420451515819396e-05-3.992679731943047e-05j),(3.8788364726191e-05-3.783495806938667e-05j),(4.2446807331818083e-05-3.4056594826682505e-05j),(4.691200012747772e-05-2.8219482595925338e-05j),(5.142405079967223e-05-1.994447090065063e-05j),(5.491434742877912e-05-9.004006126410964e-06j),(5.603588368725533e-05+4.47049674505888e-06j),(5.330361002277384e-05+1.9762230915522446e-05j),(4.538042241766196e-05+3.538719262124453e-05j),(3.150760134504924e-05+4.905343612898966e-05j),(1.2013702346628178e-05+5.787053187373263e-05j),(-1.1245681418621185e-05+5.888768821430114e-05j),(-3.473311506913577e-05+4.994791731024475e-05j),(-5.358473036418102e-05+3.069882880609448e-05j),(-6.260701410195373e-05+3.4378660866755564e-06j),(-5.783227807325234e-05-2.6633460042657994e-05j),(-3.82571766177251e-05-5.212588293298058e-05j),(-7.125555900028165e-06-6.527431202102917e-05j),(2.7963541261002686e-05-6.053087238298497e-05j),(5.660837469079604e-05-3.713771975187681e-05j),(6.873288238645293e-05-5.753228490513042e-07j),(5.845038587263754e-05+3.810121484243607e-05j),(2.7197628631117258e-05+6.538041771306195e-05j),(-1.5445978091870885e-05+7.017281716482423e-05j),(-5.4215315174069164e-05+4.872504326829899e-05j),(-7.356535423069288e-05+7.3588473437355855e-06j),(-6.420902268570142e-05-3.869874002825813e-05j),(-2.7997173584464575e-05-7.06581367176464e-05j),(5.963966023111301e-06-5.113976110086651e-05j),(-1.2495736736900134e-05-6.70413081404716e-05j),(-5.879569742495402e-05-4.5927093972078555e-05j),(-7.283620760447215e-05+1.0548720966607827e-05j),(-4.2212668421492494e-05+5.9032109816605015e-05j),(1.3129208144947183e-05+7.03192832779113e-05j),(5.888782356114645e-05+3.8730648049861085e-05j),(6.771842846670102e-05-1.5261530247078404e-05j),(3.553215969182918e-05-5.837161542082398e-05j),(-1.691414990770108e-05-6.507696994344635e-05j),(-5.749094574370414e-05-3.267227222756496e-05j),(-6.243989219619064e-05+1.8050615589600384e-05j),(-3.0211538524544662e-05+5.6249720520489236e-05j),(1.862625426323193e-05+5.985311102475182e-05j),(5.464462800384654e-05+2.8218141349816854e-05j),(5.7361888398421806e-05-1.8583048981692195e-05j),(2.677077226448737e-05-5.265894701343098e-05j),(-1.7841575974866987e-05-5.500736682220459e-05j),(-5.025172072272753e-05-2.596219091709598e-05j),(-5.281892484078111e-05+1.628813654762927e-05j),(-2.5902671905534998e-05+4.733815297903381e-05j),(1.3754137126043895e-05+5.0797005726687165e-05j),(4.375288990483926e-05+2.6719979221361982e-05j),(4.887351000206338e-05-9.983850986824233e-06j),(2.854393941582677e-05-3.9179385424272134e-05j),(-4.589559174760522e-06-4.681758011534819e-05j),(-3.301367127668306e-05-3.1435066683668874e-05j),(-4.4006091703769956e-05-2.981392653660585e-06j),(-3.512133648632856e-05+2.4121489710972553e-05j),(-1.330589259394897e-05+3.887369302385827e-05j),(1.0573165752426055e-05+3.811284508020933e-05j),(2.7813737617066367e-05+2.5898343517175045e-05j),(3.519325615319825e-05+9.496953650128623e-06j),(3.456853271799538e-05-4.903399671756225e-06j),(3.019182789920336e-05-1.4364279219610373e-05j),(2.5993126113282408e-05-1.882864780947895e-05j),(2.4213489518271127e-05-1.9397618559806143e-05j),(2.5302676734760873e-05-1.677379768672553e-05j),(2.8200808448086797e-05-1.0748265029146496e-05j),(3.0479420791200845e-05-8.448076187843433e-07j),(2.8707189961786828e-05+1.2272783499985923e-05j),(1.448220881676978e-05+1.5630545016269096e-05j),(1.689790867285402e-05+2.3216063476068646e-05j),(2.880566713188775e-05+7.542059619374866e-06j),(2.3324506452652167e-05-1.4624730003989259e-05j),(4.887476449309484e-06-2.459507866086179e-05j),(-1.2898035244853068e-05-1.8241029739394074e-05j),(-1.8975339628513745e-05-2.880501897508873e-06j),(-1.292435901127698e-05+9.429047916762288e-06j),(-1.9476771076720558e-08-7.4117078007174675e-09j),(-3.952792659852225e-08-1.0870152146685245e-08j),(-1.9476771076702707e-08-7.4117078007164955e-09j),(-1.2924359011276694e-05+9.42904791676215e-06j),(-1.8975339628513437e-05-2.8805018975086867e-06j),(-1.2898035244853e-05-1.824102973939367e-05j),(4.887476449309169e-06-2.4595078660861408e-05j),(2.3324506452651686e-05-1.4624730003989369e-05j),(2.8805667131887483e-05+7.542059619374353e-06j),(1.5210727813097223e-05+2.799584776594887e-05j),(-1.063344914683345e-05+3.209945972869602e-05j),(-3.2369963539075514e-05+1.4960563498745579e-05j),(-3.466977545597961e-05-1.4061819831917238e-05j),(-1.4025809109273235e-05-3.64832777380137e-05j),(1.7756872972680852e-05-3.6611696806814715e-05j),(4.0340845057969195e-05-1.2500626610904519e-05j),(3.797836895039614e-05+2.1660666724615983e-05j),(1.0452539596193163e-05+4.393345332552443e-05j),(-2.5721713055995543e-05+3.8802533370675614e-05j),(-4.7245043475149254e-05+7.93526075557485e-06j),(-3.9106393284054684e-05-2.989239223925261e-05j),(-4.994917925625445e-06-5.025638490547761e-05j)
"(80,)",(-1.73317659901848e-05-5.750455824639503e-05j),(-4.143748427578762e-06-5.258021814775046e-05j),(-9.210556497113244e-07-5.2888484866763465e-05j),(4.466631605390188e-06-5.296137978023794e-05j),(1.1950170115972196e-05-5.214650168125344e-05j),(2.125302378879889e-05-4.957461296999716e-05j),(3.173901215793694e-05-4.4259530582075004e-05j),(4.227400655856523e-05-3.5289284494083274e-05j),(5.116610018053294e-05-2.212084333158999e-05j),(5.62660359482291e-05-4.950768329485819e-06j),(5.530235410686447e-05+1.4925258955245952e-05j),(4.647578236196988e-05+3.491379630832056e-05j),(2.9237330844682462e-05+5.1269832913374305e-05j),(5.041014054713397e-06+5.9737106241302384e-05j),(-2.2255728113044805e-05+5.669839444239218e-05j),(-4.6698261899312864e-05+4.06262936509432e-05j),(-6.146754767759663e-05+1.3372686313015837e-05j),(-6.0941045395873e-05-1.9323555384819803e-05j),(-4.3051817011243874e-05-4.865958063088549e-05j),(-1.1044716493312197e-05-6.509043208752617e-05j),(2.6355457326904524e-05-6.16838123907499e-05j),(5.697341890162348e-05-3.737930750621308e-05j),(6.91936943115716e-05+1.3271036606692595e-06j),(5.6721429703522914e-05+4.148470666577045e-05j),(2.213179749877637e-05+6.781939553891915e-05j),(-2.2721026170467884e-05+6.874623918738512e-05j),(-6.034351820329836e-05+4.1902226001341766e-05j),(-7.444071040945903e-05-3.4997258802278006e-06j),(-5.7335661139139704e-05-4.923780716799215e-05j),(-1.7970606405090915e-05-4.7986135895278935e-05j),(-4.1192301863626056e-05-5.3999256600707705e-05j),(-7.283562190836724e-05-1.4705003251753573e-05j),(-6.0326786973245134e-05+4.162752726400249e-05j),(-1.1840699363201592e-05+7.129569189153089e-05j),(4.234365348635748e-05+5.728537459553635e-05j),(6.955397526674558e-05+9.402133153619525e-06j),(5.442795732377396e-05-4.260946440272771e-05j),(7.436226879756873e-06-6.763701934490367e-05j),(-4.240769177452026e-05-5.180787030777414e-05j),(-6.556868792359756e-05-5.996581394737316e-06j),(-4.948135329447039e-05+4.171243288424506e-05j),(-5.1467234759628545e-06+6.336700840440089e-05j),(4.0483493345801154e-05+4.750736459280255e-05j),(6.103871381031758e-05+4.9646988219115836e-06j),(4.5946276568005026e-05-3.865741457006913e-05j),(5.5494144268931e-06-5.856949123700355e-05j),(-3.6132980652745124e-05-4.485571864100528e-05j),(-5.5906010294756045e-05-7.02885424255862e-06j),(-4.427938363826969e-05+3.274751764976901e-05j),(-9.568841957769453e-06+5.292180733803154e-05j),(2.823827008713493e-05+4.4218519984470374e-05j),(4.9350904273553274e-05+1.337552088274999e-05j),(4.456037998308929e-05-2.2182303604331276e-05j),(1.8665536452557284e-05-4.465738528727706e-05j),(-1.3919322666076499e-05-4.48988887944901e-05j),(-3.7787881367771866e-05-2.5513461521147133e-05j),(-4.409244680081342e-05+2.5354644964218894e-06j),(-3.32825775812273e-05+2.6783636921183727e-05j),(-1.2665253821085025e-05+3.9272756253892875e-05j),(8.699812479034969e-06+3.883693888108515e-05j),(2.4448649891410917e-05+2.952528365335933e-05j),(3.265767426717566e-05+1.7144619328944415e-05j),(3.491943431523562e-05+6.3170666767476445e-06j),(3.419584076467741e-05-6.470003496511947e-07j),(3.2964322300634496e-05-3.252472577691918e-06j),(3.231148426176052e-05-1.7451255229529683e-06j),(3.1788297628919714e-05+3.5554904530910417e-06j),(2.9662347717343317e-05+1.2103198756740747e-05j),(2.355731985989665e-05+2.23604042589997e-05j),(1.170313709683955e-05+3.112249976191806e-05j),(-1.5471998096728205e-06+2.259569354470873e-05j),(-5.724798219662637e-06+2.996699763193504e-05j),(1.521072781309702e-05+2.7995847765949535e-05j),(2.8805667131887825e-05+7.542059619374914e-06j),(2.33245064526522e-05-1.4624730003989279e-05j),(4.887476449309474e-06-2.459507866086176e-05j),(-1.2898035244853093e-05-1.8241029739394138e-05j),(-1.897533962851385e-05-2.8805018975088675e-06j),(-1.2924359011276843e-05+9.42904791676222e-06j),(-1.9476771076702707e-08-7.4117078007164955e-09j),(-3.952792659852262e-08-1.0870152146684843e-08j),(-1.9508389211579837e-08-7.423739793899843e-09j),(-1.2924359011276842e-05+9.429047916762259e-06j),(-1.897533962851367e-05-2.880501897508743e-06j),(-1.2898035244853168e-05-1.8241029739393962e-05j),(4.887476449309239e-06-2.4595078660861835e-05j),(2.332450645265195e-05-1.462473000398951e-05j),(2.8805667131887825e-05+7.542059619374528e-06j),(1.5210727813097377e-05+2.7995847765949308e-05j),(-1.0633449146833674e-05+3.209945972869643e-05j),(-3.2369963539075975e-05+1.4960563498745707e-05j),(-3.4669775455980024e-05-1.4061819831917514e-05j),(-1.4025809109273325e-05-3.648327773801425e-05j),(1.7756872972681157e-05-3.661169680681517e-05j),(4.034084505796973e-05-1.2500626610904603e-05j),(3.797836895039656e-05+2.1660666724616067e-05j),(1.045253959619327e-05+4.393345332552509e-05j),(-2.5721713055995915e-05+3.880253337067627e-05j),(-4.724504347514993e-05+7.935260755574852e-06j),(-3.9106393284055104e-05-2.989239223925313e-05j)
"(81,)",(-5.246338914957937e-05-2.591650599251878e-05j),(-4.016495372230223e-05-3.209199289737281e-05j),(-3.813769458634737e-05-3.4722807997243356e-05j),(-3.440002507362797e-05-3.879431650229542e-05j),(-2.8494571981953414e-05-4.376653870799727e-05j),(-1.9958657506352716e-05-4.8771961061940877e-05j),(-8.526091136311538e-06-5.257392456735239e-05j),(5.609893445550384e-06-5.36138248344644e-05j),(2.1518922829046946e-05-5.020987590444611e-05j),(3.733575748786529e-05-4.094768733001808e-05j),(5.027808493959742e-05-2.5241973456591687e-05j),(5.701758607983153e-05-3.9507007792356705e-06j),(5.4473062496400435e-05+2.0186274453410342e-05j),(4.0939937054571153e-05+4.2578945049520646e-05j),(1.725799033770965e-05+5.754110912459154e-05j),(-1.2469422797416684e-05+5.981750847308548e-05j),(-4.11358563590578e-05+4.659222266208682e-05j),(-6.019623466683304e-05+1.9311271634394667e-05j),(-6.238213507320158e-05-1.5564551582034667e-05j),(-4.4795551632656783e-05-4.7621644441505195e-05j),(-1.1121676392586737e-05-6.553265303657886e-05j),(2.833144133174913e-05-6.133595236416376e-05j),(5.943748284574437e-05-3.4366185873951534e-05j),(6.939087662632459e-05+7.080243755958385e-06j),(5.237497844255092e-05+4.7702657225546445e-05j),(1.3207730610282577e-05+7.07077790765664e-05j),(-3.3215893929009015e-05+6.502164714382933e-05j),(-6.726442946071983e-05+3.1068531548609756e-05j),(-7.29868149262546e-05-1.7965592417946376e-05j),(-3.7186024243954235e-05-3.491096503509796e-05j),(-6.038160479116937e-05-3.051649999278925e-05j),(-7.176074627459188e-05+1.816644490145559e-05j),(-3.6533800666510635e-05+6.32192054184277e-05j),(1.9449504350554592e-05+6.931892784127437e-05j),(6.223724861724373e-05+3.409108895179975e-05j),(6.692740360310027e-05-2.022312548135562e-05j),(3.207167783909887e-05-6.093074406109029e-05j),(-2.0446123503469045e-05-6.462469791306062e-05j),(-5.9292956970283156e-05-3.0534796388082185e-05j),(-6.244578094330891e-05+2.0065138842938698e-05j),(-2.9546488184177424e-05+5.7302829312266484e-05j),(1.9008527670684194e-05+6.041791832018004e-05j),(5.491576592762575e-05+2.9180793283401382e-05j),(5.855286061317135e-05-1.7177538096369263e-05j),(2.9519568902564726e-05-5.204854779247567e-05j),(-1.4433824670753603e-05-5.6831849430797556e-05j),(-4.855422610051752e-05-3.0647994778871114e-05j),(-5.517625668881349e-05+1.058285270616225e-05j),(-3.263810868389879e-05+4.4180077469027525e-05j),(5.355777940143283e-06+5.338906460522534e-05j),(3.8498398015102426e-05+3.5500656887008494e-05j),(5.103716092934047e-05+1.5955406250200212e-06j),(3.9054786593191585e-05-3.0801519553559685e-05j),(1.0633217357827791e-05-4.721846732873423e-05j),(-1.998773730242358e-05-4.2590721673400466e-05j),(-4.014231425493301e-05-2.1802185499488307e-05j),(-4.4056720386888244e-05+4.658182119439224e-06j),(-3.365065312799806e-05+2.663216098369957e-05j),(-1.55806012831237e-05+3.848670344835519e-05j),(2.9649188590653445e-06+4.00197500941639e-05j),(1.7291246506687507e-05+3.468381404381792e-05j),(2.599869342159292e-05+2.692205974965697e-05j),(3.0013366107595122e-05+2.0224855999491014e-05j),(3.100806598296741e-05+1.6493310457303446e-05j),(3.0162778936296198e-05+1.6326035328580253e-05j),(2.7611268457502475e-05+1.9481520535880142e-05j),(2.2516250918340724e-05+2.4999909715032426e-05j),(1.3674368659659406e-05+3.096879218074411e-05j),(5.860140576747817e-07+3.437562076835481e-05j),(-1.5301327822247075e-05+3.166746293484923e-05j),(-1.850438373093959e-05+1.5148032082791088e-05j),(-2.721843159418028e-05+1.72080377158329e-05j),(-1.0633449146833991e-05+3.209945972869633e-05j),(1.5210727813097108e-05+2.7995847765949505e-05j),(2.880566713188784e-05+7.542059619374815e-06j),(2.3324506452652072e-05-1.4624730003989311e-05j),(4.887476449309414e-06-2.4595078660861794e-05j),(-1.2898035244853205e-05-1.8241029739394135e-05j),(-1.8975339628513637e-05-2.880501897508748e-06j),(-1.2924359011276694e-05+9.42904791676215e-06j),(-1.9508389211579837e-08-7.423739793899843e-09j),(-3.9527926598519705e-08-1.087015214668583e-08j),(-1.9635895023450386e-08-7.472260969024215e-09j),(-1.2924359011276831e-05+9.429047916762269e-06j),(-1.8975339628513715e-05-2.8805018975087417e-06j),(-1.2898035244853262e-05-1.8241029739394013e-05j),(4.8874764493092075e-06-2.4595078660861805e-05j),(2.3324506452651974e-05-1.4624730003989501e-05j),(2.8805667131887876e-05+7.5420596193745405e-06j),(1.5210727813097362e-05+2.799584776594934e-05j),(-1.0633449146833701e-05+3.209945972869647e-05j),(-3.236996353907601e-05+1.49605634987457e-05j),(-3.4669775455980085e-05-1.4061819831917543e-05j),(-1.4025809109273344e-05-3.6483277738014265e-05j),(1.775687297268119e-05-3.661169680681518e-05j),(4.034084505796958e-05-1.250062661090473e-05j),(3.797836895039663e-05+2.1660666724616108e-05j),(1.0452539596193363e-05+4.393345332552522e-05j),(-2.572171305599601e-05+3.8802533370676285e-05j),(-4.724504347514999e-05+7.935260755574796e-06j)
"(82,)",(-5.327255206162883e-05+2.007484879978906e-05j),(-4.952807077505352e-05+7.1680023875807445e-06j),(-5.007936124767927e-05+3.800791475113347e-06j),(-5.0484258789484965e-05-1.8617358580085023e-06j),(-4.9977861756802954e-05-9.772932570189688e-06j),(-4.753934305149913e-05-1.9633511289940436e-05j),(-4.20219142955677e-05-3.069627508964876e-05j),(-3.240675659822672e-05-4.159834981989077e-05j),(-1.819047374070304e-05-5.0313884155257584e-05j),(1.4780162013386248e-07-5.433873328310367e-05j),(2.074056282142867e-05-5.11937567196875e-05j),(4.020678054690652e-05-3.9241476726623034e-05j),(5.40433627665594e-05-1.8652643422949127e-05j),(5.766785650530086e-05+7.82108648504663e-06j),(4.800619004584618e-05+3.472396708912356e-05j),(2.5189548723945505e-05+5.481204416206827e-05j),(-6.356614093470704e-06+6.108550928574197e-05j),(-3.819275850990243e-05+4.949888888864111e-05j),(-5.9936300128973456e-05+2.1378924529972373e-05j),(-6.28298032520234e-05-1.5674130397711766e-05j),(-4.365650212765124e-05-4.9337071873890397e-05j),(-7.276769344444371e-06-6.660706694263882e-05j),(3.381024070724541e-05-5.91449045009513e-05j),(6.345902682563094e-05-2.7715632866188872e-05j),(6.837078493466063e-05+1.6629480110229262e-05j),(4.4496709797762736e-05+5.593576401513901e-05j),(1.9467123710113412e-07+7.258093272594806e-05j),(-4.604415383837334e-05+5.752114342462563e-05j),(-7.312457875817939e-05+1.560709036310703e-05j),(-4.833244986738797e-05-1.557986320079184e-05j),(-6.737171921052692e-05-2.2765628316389855e-06j),(-5.7473520207670536e-05+4.624040125809258e-05j),(-7.227576067290204e-06+7.240071949266572e-05j),(4.581397360511685e-05+5.5210575334556555e-05j),(7.044175636363805e-05+6.200221924498071e-06j),(5.326210523364129e-05-4.4914890049886356e-05j),(5.758887821968778e-06-6.83750086221415e-05j),(-4.350302528651075e-05-5.167522724671808e-05j),(-6.619811133573073e-05-5.971357858646992e-06j),(-5.049450048345896e-05+4.151712682276897e-05j),(-6.920484889037741e-06+6.388707540450358e-05j),(3.8864126372041506e-05+4.975680471432733e-05j),(6.138179966474748e-05+8.70810310111174e-06j),(4.948047220387727e-05-3.540334224351978e-05j),(1.1457379612049784e-05-5.8561443050918724e-05j),(-3.0923665440883984e-05-4.9642490256738475e-05j),(-5.52021348473651e-05-1.5308466544928077e-05j),(-5.013080230972743e-05+2.511290167109414e-05j),(-2.0393265036899202e-05+5.090466897748856e-05j),(1.7525127089902464e-05+5.0644690651454916e-05j),(4.4975577247380994e-05+2.6751505762415315e-05j),(5.048960507526294e-05-7.578553480214944e-06j),(3.4091262126351904e-05-3.6256753672016736e-05j),(5.291992081506779e-06-4.8177085268935965e-05j),(-2.2998477830889784e-05-4.1167041303378876e-05j),(-4.0778412982914774e-05-2.0927837803695805e-05j),(-4.438300960633479e-05+3.3255238681878685e-06j),(-3.616951117875656e-05+2.3579296568738564e-05j),(-2.1705305875450622e-05+3.5780887938703114e-05j),(-6.5712282102809756e-06+4.000381724189842e-05j),(5.615051695918352e-06+3.886775238902359e-05j),(1.3526170282139923e-05+3.5598950430137865e-05j),(1.7339497315516877e-05+3.271571748923692e-05j),(1.7679818026205755e-05+3.155437084144859e-05j),(1.4895020421475734e-05+3.23042894605276e-05j),(8.89341926277306e-06+3.413887890466881e-05j),(-4.7374859263335326e-07+3.5295679051396324e-05j),(-1.2641732838773114e-05+3.3299349078934196e-05j),(-2.5522594050315226e-05+2.5670988116080372e-05j),(-3.524374055365187e-05+1.125137273583887e-05j),(-2.4900356845891573e-05-3.2810396120560733e-06j),(-3.2718190199601126e-05-8.518689239675367e-06j),(-3.2369963539076e-05+1.4960563498745394e-05j),(-1.0633449146833935e-05+3.209945972869631e-05j),(1.5210727813097138e-05+2.7995847765949423e-05j),(2.8805667131887703e-05+7.542059619374711e-06j),(2.3324506452652025e-05-1.462473000398933e-05j),(4.887476449309345e-06-2.4595078660861845e-05j),(-1.28980352448531e-05-1.8241029739393847e-05j),(-1.8975339628513437e-05-2.8805018975086867e-06j),(-1.2924359011276842e-05+9.429047916762259e-06j),(-1.9635895023450386e-08-7.472260969024215e-09j),(-3.952792659851952e-08-1.0870152146685762e-08j),(-1.96358950234505e-08-7.4722609690245e-09j),(-1.2924359011276793e-05+9.42904791676228e-06j),(-1.8975339628513735e-05-2.8805018975086875e-06j),(-1.2898035244853244e-05-1.8241029739393897e-05j),(4.887476449309181e-06-2.459507866086173e-05j),(2.3324506452651917e-05-1.4624730003989494e-05j),(2.8805667131887798e-05+7.542059619374512e-06j),(1.5210727813097349e-05+2.799584776594927e-05j),(-1.0633449146833657e-05+3.20994597286964e-05j),(-3.236996353907594e-05+1.4960563498745707e-05j),(-3.466977545598001e-05-1.4061819831917468e-05j),(-1.4025809109273308e-05-3.648327773801416e-05j),(1.7756872972680892e-05-3.661169680681504e-05j),(4.034084505796949e-05-1.2500626610904774e-05j),(3.79783689503967e-05+2.1660666724616e-05j),(1.0452539596193339e-05+4.3933453325525136e-05j),(-2.572171305599595e-05+3.88025333706762e-05j)
"(83,)",(-2.108686227839321e-05+5.1119285521040726e-05j),(-2.783915966239932e-05+3.988366299543241e-05j),(-3.0756774489984056e-05+3.793118656382974e-05j),(-3.527560848498158e-05+3.423203712213395e-05j),(-4.0782843319447366e-05+2.8221261470693546e-05j),(-4.6268407283203675e-05+1.9336867785646455e-05j),(-5.027459330925071e-05+7.283914772105065e-06j),(-5.097622830230541e-05-7.6257056837702715e-06j),(-4.647497077406329e-05-2.4133802208808927e-05j),(-3.534633357345596e-05-3.984203647427616e-05j),(-1.737471742894067e-05-5.135431258592473e-05j),(5.7357866140125904e-06-5.4917438239968535e-05j),(3.0022670463714778e-05-4.757871287595575e-05j),(4.967804316162813e-05-2.862518885820834e-05j),(5.843160780438747e-05-7.847345116963947e-07j),(5.17428829623224e-05+2.9494014192939317e-05j),(2.9145214711941104e-05+5.323936253339383e-05j),(-4.300892430689387e-06+6.169175486618619e-05j),(-3.8480498674345826e-05+4.9875464353079926e-05j),(-6.108323633171543e-05+1.9600326239774028e-05j),(-6.225511896666481e-05-1.973376490472443e-05j),(-3.9331474510841786e-05-5.357631454412689e-05j),(6.310595784239188e-07-6.76127130950425e-05j),(4.232041021244913e-05-5.419735142320733e-05j),(6.783278710409868e-05-1.6893177523081812e-05j),(6.460179210123326e-05+2.9549942861690827e-05j),(3.2046538883190307e-05+6.466069929755917e-05j),(-1.6667501769261074e-05+7.136463007169293e-05j),(-5.947232747771148e-05+4.4695613833163225e-05j),(-5.024719582573688e-05+5.691734995233465e-06j),(-6.232619903696752e-05+2.5080136381365088e-05j),(-3.409599028002489e-05+6.514640610540598e-05j),(2.1836486859797813e-05+6.916317228380028e-05j),(6.346659932428783e-05+3.296236752378806e-05j),(6.724452926930286e-05-2.1148194020888817e-05j),(3.2370263000253774e-05-6.145091367630362e-05j),(-1.980450073976971e-05-6.547728238735857e-05j),(-5.905152447185364e-05-3.237846287503622e-05j),(-6.385939520199663e-05+1.7718282897381135e-05j),(-3.304768043046751e-05+5.6186597584221595e-05j),(1.4772958764508639e-05+6.235891984295184e-05j),(5.272248271381155e-05+3.443460476092645e-05j),(6.089170605314571e-05-1.0813744645287675e-05j),(3.657692195219861e-05-4.844677068346407e-05j),(-5.640688094103127e-06-5.9281927520627574e-05j),(-4.302877052849909e-05-3.9458493060239644e-05j),(-5.7192196654522775e-05-9.873046267888972e-07j),(-4.293149119128465e-05+3.596659943706072e-05j),(-9.310793176499015e-06+5.400232434718994e-05j),(2.6535121652590734e-05+4.654730055774427e-05j),(4.8613277327382735e-05+1.9418500455596566e-05j),(4.9205392576948286e-05-1.3806865380481399e-05j),(3.0806710781266184e-05-3.919562826633496e-05j),(2.9940176961820755e-06-4.849951122142785e-05j),(-2.3152088905769958e-05-4.1272757282958964e-05j),(-3.986465222273265e-05-2.30500379851151e-05j),(-4.4748381075087134e-05-1.4936835530765749e-06j),(-3.998203593668568e-05+1.7144960129190183e-05j),(-2.996480677714219e-05+2.9785189395287177e-05j),(-1.900148633706606e-05+3.636905670441213e-05j),(-1.0011607048814517e-05+3.8608819238101945e-05j),(-4.372108742017193e-06+3.860220965432883e-05j),(-2.4227923655704513e-06+3.789777955813264e-05j),(-4.0537069406349605e-06+3.70950923051831e-05j),(-8.992001524987706e-06+3.5800064031557145e-05j),(-1.667527998291749e-05+3.278732652182696e-05j),(-2.5828784525671532e-05+2.6394792927246017e-05j),(-3.40618184371168e-05+1.5268566752750627e-05j),(-3.793910171166705e-05-5.676055030137851e-07j),(-3.392172946591274e-05-1.870971179686761e-05j),(-1.5309840652179638e-05-2.1338234363917797e-05j),(-1.6864437667252632e-05-3.105911959832548e-05j),(-3.466977545597978e-05-1.4061819831917712e-05j),(-3.236996353907601e-05+1.496056349874542e-05j),(-1.0633449146833883e-05+3.209945972869631e-05j),(1.5210727813097123e-05+2.799584776594929e-05j),(2.8805667131887727e-05+7.542059619374687e-06j),(2.3324506452652066e-05-1.4624730003989428e-05j),(4.887476449309224e-06-2.4595078660861567e-05j),(-1.2898035244853e-05-1.824102973939367e-05j),(-1.897533962851367e-05-2.880501897508743e-06j),(-1.2924359011276831e-05+9.429047916762269e-06j),(-1.96358950234505e-08-7.4722609690245e-09j),(-3.952792659851879e-08-1.087015214668572e-08j),(-1.9635895023450098e-08-7.472260969024612e-09j),(-1.2924359011276754e-05+9.429047916762227e-06j),(-1.8975339628513556e-05-2.8805018975086676e-06j),(-1.289803524485309e-05-1.8241029739393786e-05j),(4.887476449309212e-06-2.4595078660861564e-05j),(2.3324506452651778e-05-1.4624730003989332e-05j),(2.880566713188757e-05+7.54205961937452e-06j),(1.521072781309716e-05+2.79958477659491e-05j),(-1.0633449146833673e-05+3.2099459728696144e-05j),(-3.2369963539075724e-05+1.4960563498745492e-05j),(-3.46697754559797e-05-1.4061819831917472e-05j),(-1.4025809109273234e-05-3.6483277738013716e-05j),(1.775687297268084e-05-3.661169680681479e-05j),(4.034084505796931e-05-1.250062661090473e-05j),(3.7978368950396386e-05+2.166066672461594e-05j),(1.0452539596193161e-05+4.3933453325524825e-05j)
"(84,)",(2.2249256031540512e-05+4.87817365539783e-05j),(9.74872602686475e-06+4.61739385607444e-05j),(6.224813032600059e-06+4.6995008144398614e-05j),(2.5563632932546977e-07+4.7755364446807123e-05j),(-8.138735293595485e-06+4.754424309866091e-05j),(-1.8617653984681108e-05+4.514664405382224e-05j),(-3.0265744247250433e-05+3.922163154884375e-05j),(-4.1393716327054424e-05+2.8653231419516676e-05j),(-4.9532061982641716e-05+1.3071523779146324e-05j),(-5.1768464683649764e-05-6.562025041117685e-06j),(-4.551445368197568e-05-2.7536957012023924e-05j),(-2.9618519647829856e-05-4.5460782459462344e-05j),(-5.499808250345044e-06-5.508454476151473e-05j),(2.2239831766699954e-05-5.192680376067414e-05j),(4.630321360411648e-05-3.4331666394325376e-05j),(5.8584930959383896e-05-5.170336130330571e-06j),(5.3162901103094665e-05+2.780329249314102e-05j),(2.9381754690101647e-05+5.36663626640829e-05j),(-6.451314669648907e-06+6.204070173843591e-05j),(-4.2067226229418786e-05+4.7657257781823226e-05j),(-6.327633326281853e-05+1.3774942894352516e-05j),(-5.990249485083404e-05-2.7575615771124574e-05j),(-3.112749076733275e-05-5.9472187169255425e-05j),(1.2592610958064607e-05-6.712875307159347e-05j),(5.2762035306725826e-05-4.518458691971428e-05j),(7.060546423884361e-05-1.572076143272388e-06j),(5.617984284106303e-05+4.4664225040831034e-05j),(1.432432792085585e-05+7.14881630598273e-05j),(-3.616811929113958e-05+6.460173173971186e-05j),(-4.372954279435954e-05+2.4991480183832077e-05j),(-4.760000421508919e-05+4.711443611710881e-05j),(-6.617697548864439e-06+7.301717145434864e-05j),(4.609169193780667e-05+5.57297846694192e-05j),(7.095124814044716e-05+7.18014366612414e-06j),(5.486584684969453e-05-4.394563931989541e-05j),(8.449880559805165e-06-6.87490426322908e-05j),(-4.115584023975127e-05-5.4414405119453064e-05j),(-6.6345930880722e-05-1.0509237628894217e-05j),(-5.437619674036748e-05+3.759789652796439e-05j),(-1.3452195953891569e-05+6.362598599591901e-05j),(3.3095407177502985e-05+5.471335474526077e-05j),(6.0393249319970765e-05+1.7377821145646078e-05j),(5.531542890700468e-05-2.740326196342304e-05j),(2.2369351542021854e-05-5.632728846863587e-05j),(-2.0193234116336677e-05-5.59366611908827e-05j),(-5.091739932053958e-05-2.8440022256529094e-05j),(-5.608194335960718e-05+1.1058900877557982e-05j),(-3.540459521942645e-05+4.33764350852366e-05j),(-4.0972468830301244e-07+5.4808112317441705e-05j),(3.2568837766788976e-05+4.2593215105101656e-05j),(5.041573758738205e-05+1.4347180981789324e-05j),(4.826555912379547e-05-1.7109015357920957e-05j),(2.9813234606970418e-05-4.012897338753774e-05j),(3.8548276057924984e-06-4.861654635425568e-05j),(-2.0422161076840578e-05-4.293328721869657e-05j),(-3.6967239940705224e-05-2.790452192531414e-05j),(-4.4046075831240245e-05-9.677557663628485e-06j),(-4.335651544814382e-05+6.844078443259465e-06j),(-3.8205322408602404e-05+1.912265405437995e-05j),(-3.1864613240191997e-05+2.6764276057387744e-05j),(-2.668314475848638e-05+3.0596317896850096e-05j),(-2.3928669179510343e-05+3.169898115361677e-05j),(-2.4007299140010996e-05+3.075463039657649e-05j),(-2.669092624035858e-05+2.778864697939808e-05j),(-3.115715941886257e-05+2.225036728241475e-05j),(-3.58693932722416e-05+1.3394962411201154e-05j),(-3.85165523478843e-05+9.404042584930023e-07j),(-3.63292024942025e-05-1.4132554061941663e-05j),(-2.7000478202587547e-05-2.899391501061058e-05j),(-1.0101763730938035e-05-3.9126872630090025e-05j),(5.311688698648248e-06-2.6840562622267545e-05j),(1.1626266406606561e-05-3.4926966216590946e-05j),(-1.402580910927304e-05-3.648327773801422e-05j),(-3.4669775455979895e-05-1.406181983191774e-05j),(-3.2369963539076056e-05+1.496056349874549e-05j),(-1.0633449146833827e-05+3.2099459728696286e-05j),(1.5210727813097191e-05+2.7995847765949362e-05j),(2.8805667131887903e-05+7.542059619374665e-06j),(2.332450645265182e-05-1.4624730003989359e-05j),(4.887476449309169e-06-2.4595078660861408e-05j),(-1.2898035244853168e-05-1.8241029739393962e-05j),(-1.8975339628513715e-05-2.8805018975087417e-06j),(-1.2924359011276793e-05+9.42904791676228e-06j),(-1.9635895023450098e-08-7.472260969024612e-09j),(-3.952792659851919e-08-1.0870152146685762e-08j),(-1.9635895023450197e-08-7.472260969024792e-09j),(-1.2924359011276855e-05+9.429047916762266e-06j),(-1.8975339628513688e-05-2.8805018975087862e-06j),(-1.2898035244853122e-05-1.824102973939401e-05j),(4.8874764493093625e-06-2.4595078660861744e-05j),(2.332450645265203e-05-1.4624730003989337e-05j),(2.880566713188776e-05+7.542059619374726e-06j),(1.5210727813097149e-05+2.79958477659494e-05j),(-1.0633449146833896e-05+3.209945972869633e-05j),(-3.236996353907604e-05+1.496056349874546e-05j),(-3.466977545597982e-05-1.4061819831917507e-05j),(-1.402580910927321e-05-3.648327773801409e-05j),(1.775687297268109e-05-3.661169680681511e-05j),(4.034084505796967e-05-1.2500626610904605e-05j),(3.7978368950396555e-05+2.1660666724616298e-05j)
"(85,)",(4.9184283277889205e-05+1.6505044278056226e-05j),(3.9066668546533565e-05+2.3711730108208287e-05j),(3.719935477872112e-05+2.6948154030949566e-05j),(3.3527949610989316e-05+3.195921090198397e-05j),(2.7348450875987692e-05+3.8033130821184336e-05j),(1.7981804388710293e-05+4.396311830053702e-05j),(5.13117265295974e-06+4.799243288868264e-05j),(-1.0670962599928208e-05+4.796007449984927e-05j),(-2.7657005300203134e-05+4.1755715275756616e-05j),(-4.2687570389938935e-05+2.8100746543352404e-05j),(-5.16452252421899e-05+7.495078605425377e-06j),(-5.051375156399848e-05-1.704440311300749e-05j),(-3.701745698920932e-05-3.9962682676161885e-05j),(-1.2304748870879012e-05-5.4283832237737995e-05j),(1.8155453050508714e-05-5.389218366844468e-05j),(4.529069213487268e-05-3.637322149221118e-05j),(5.908645906638847e-05-5.217293958853784e-06j),(5.260489828104223e-05+2.997947621833229e-05j),(2.580434948985607e-05+5.61322996860108e-05j),(-1.2849049962068405e-05+6.168424407201779e-05j),(-4.845284805042447e-05+4.216743801474063e-05j),(-6.535017411604265e-05+3.601203568846742e-06j),(-5.437577319539452e-05-3.85566332551335e-05j),(-1.8255491274831563e-05-6.53565534112831e-05j),(2.8039335886031462e-05-6.309866707771639e-05j),(6.311520730435685e-05-3.0795551216839906e-05j),(6.913720561865136e-05+1.7815725342704345e-05j),(4.130263917575223e-05+5.964890615397399e-05j),(-8.354855507687104e-06+7.322312803782156e-05j),(-3.093256086750739e-05+3.9508948021995984e-05j),(-2.6763104442890576e-05+6.118633694064614e-05j),(2.0292540449356537e-05+7.025492542170684e-05j),(6.275833094636257e-05+3.556893550604911e-05j),(6.883012762055164e-05-1.796896693809924e-05j),(3.651979492973959e-05-5.98667318970263e-05j),(-1.4830300201937365e-05-6.749530441359334e-05j),(-5.639439603829709e-05-3.812728392645623e-05j),(-6.616350852558697e-05+1.0749694419349412e-05j),(-4.0406779471597394e-05+5.2156966297885166e-05j),(5.571769392667938e-06+6.467388164456807e-05j),(4.688473221696088e-05+4.332613552443504e-05j),(6.274622311407862e-05+8.803840497976728e-07j),(4.67538639968582e-05-4.0193406582668696e-05j),(8.774972778056701e-06-5.990937499342945e-05j),(-3.155885523708425e-05-5.035969641398737e-05j),(-5.539517677608749e-05-1.8184993910580927e-05j),(-5.3430323147236754e-05+2.0327892125360053e-05j),(-2.8874055650655455e-05+4.800600109270553e-05j),(5.8599187870938335e-06+5.455179806323343e-05j),(3.603682220973784e-05+3.981646593640116e-05j),(5.1154342947158375e-05+1.1956547283588078e-05j),(4.82563263303404e-05-1.7575198245504346e-05j),(3.1299562852553166e-05-3.921776224247493e-05j),(7.87698531575099e-06-4.835628605675534e-05j),(-1.4550309395091969e-05-4.554391217213075e-05j),(-3.1183126264737966e-05-3.467832986216406e-05j),(-4.0557857591562826e-05-2.057392962183225e-05j),(-4.3772773080941955e-05-7.130432849178269e-06j),(-4.313917388252523e-05+3.410858784161695e-06j),(-4.100704187415453e-05+1.0290231352100903e-05j),(-3.9097515233201856e-05+1.360794717082512e-05j),(-3.829194605469962e-05+1.370005364034086e-05j),(-3.865453485045739e-05+1.0761968028969344e-05j),(-3.9499507151735784e-05+4.7959929124375984e-06j),(-3.9458937395787146e-05-4.137016051208316e-06j),(-3.665902861317474e-05-1.5444327690717138e-05j),(-2.9182808133584532e-05-2.7486172866472406e-05j),(-1.591389840849875e-05-3.7331573757086254e-05j),(2.403669794868221e-06-4.1162938172896754e-05j),(2.2397974702795142e-05-3.554800750010322e-05j),(2.4115359342240532e-05-1.5033204516337444e-05j),(3.473415364066537e-05-1.5954644487476235e-05j),(1.7756872972681296e-05-3.661169680681513e-05j),(-1.4025809109273227e-05-3.648327773801437e-05j),(-3.46697754559801e-05-1.406181983191767e-05j),(-3.236996353907604e-05+1.4960563498745638e-05j),(-1.0633449146833781e-05+3.2099459728696496e-05j),(1.521072781309744e-05+2.7995847765949518e-05j),(2.880566713188776e-05+7.54205961937447e-06j),(2.3324506452651686e-05-1.4624730003989369e-05j),(4.887476449309239e-06-2.4595078660861835e-05j),(-1.2898035244853262e-05-1.8241029739394013e-05j),(-1.8975339628513735e-05-2.8805018975086875e-06j),(-1.2924359011276754e-05+9.429047916762227e-06j),(-1.9635895023450197e-08-7.472260969024792e-09j),(-3.952792659851991e-08-1.0870152146686237e-08j),(-1.9571934453333695e-08-7.447921356748299e-09j),(-1.29243590112769e-05+9.429047916762244e-06j),(-1.8975339628513735e-05-2.880501897508831e-06j),(-1.2898035244853117e-05-1.824102973939407e-05j),(4.887476449309409e-06-2.4595078660861774e-05j),(2.3324506452652096e-05-1.4624730003989316e-05j),(2.8805667131887805e-05+7.5420596193747955e-06j),(1.521072781309713e-05+2.7995847765949467e-05j),(-1.063344914683396e-05+3.209945972869637e-05j),(-3.236996353907592e-05+1.4960563498745528e-05j),(-3.466977545597991e-05-1.4061819831917556e-05j),(-1.4025809109273312e-05-3.648327773801422e-05j),(1.775687297268119e-05-3.661169680681515e-05j),(4.034084505796976e-05-1.2500626610904557e-05j)
"(86,)",(4.406417846622438e-05-2.3804381384499507e-05j),(4.254142731325209e-05-1.1836452479452063e-05j),(4.366620535571708e-05-8.136634159031899e-06j),(4.480659003830378e-05-1.8118966979998508e-06j),(4.48556857295313e-05+7.147263069670424e-06j),(4.234328265341531e-05+1.832288642723808e-05j),(3.5696746057076345e-05+3.0534389443618124e-05j),(2.3747297330965185e-05+4.161580475522691e-05j),(6.442961724520444e-06+4.851468037642711e-05j),(-1.4442179635092928e-05+4.790696611366575e-05j),(-3.4984499499636215e-05+3.7366689866685324e-05j),(-4.9604802664850846e-05+1.6828206360247967e-05j),(-5.261502159464216e-05-1.0264884626618252e-05j),(-4.05802765933837e-05-3.690935504860954e-05j),(-1.4659004293611256e-05-5.416922934932835e-05j),(1.8318934492838275e-05-5.4386769375721475e-05j),(4.7120496379076375e-05-3.494467691313311e-05j),(5.993311822326877e-05-8.129506834631283e-07j),(4.960140006565034e-05+3.586523717601109e-05j),(1.7959347142994294e-05+5.983742199725869e-05j),(-2.3273730311303818e-05+5.932960967810562e-05j),(-5.637367202312801e-05+3.231425607398835e-05j),(-6.530497389522276e-05-1.0940520678147035e-05j),(-4.392159844161378e-05-5.117684989091288e-05j),(-3.7461946036334437e-07-6.865219090883123e-05j),(4.531237345894271e-05-5.316333965495319e-05j),(7.027737042035958e-05-1.0392672673046228e-05j),(6.0502548055506527e-05+3.9429555084267604e-05j),(1.908546718051447e-05+7.085334293025233e-05j),(-1.4622457959439825e-05+4.78138786354072e-05j),(-3.627664102611687e-06+6.651250967876865e-05j),(4.308232370020572e-05+5.888326611773193e-05j),(7.089838558264235e-05+1.2422391286174378e-05j),(5.903867928068595e-05-3.94140827766768e-05j),(1.5545082997128502e-05-6.823588981214419e-05j),(-3.485729436301455e-05-5.951610381492172e-05j),(-6.507525609563559e-05-1.955846647737344e-05j),(-6.0207125134566434e-05+2.9211659962985325e-05j),(-2.4514903215358133e-05+6.114711143984321e-05j),(2.222197760905131e-05+6.0899644124253996e-05j),(5.604867054018159e-05+3.0409521707404582e-05j),(6.12069140340367e-05-1.358571164625014e-05j),(3.7100674212386984e-05-4.919557397371587e-05j),(-2.9989689298114714e-06-6.045419477578042e-05j),(-3.9782491738988944e-05-4.415228983517008e-05j),(-5.7513013356515956e-05-9.701713170282306e-06j),(-5.0539512801454374e-05+2.6813499500476763e-05j),(-2.4180597408520144e-05+5.061117098680899e-05j),(9.37743374473837e-06+5.4157268678193826e-05j),(3.72983747174866e-05+3.881273612483294e-05j),(5.12080989417795e-05+1.2410608419434555e-05j),(4.9256703369444107e-05-1.5198342025637453e-05j),(3.506586766340012e-05-3.620748173951448e-05j),(1.4895598970137117e-05-4.695645331678751e-05j),(-5.265109550387256e-06-4.783895720067862e-05j),(-2.1506689253760736e-05-4.180070007205851e-05j),(-3.240933150708452e-05-3.252882640034915e-05j),(-3.844650506769732e-05-2.3141671490220043e-05j),(-4.101461970933329e-05-1.5651431236138646e-05j),(-4.158302492347046e-05-1.1039563022475457e-05j),(-4.117056030589538e-05-9.60781353864788e-06j),(-4.012645884254407e-05-1.1305713292597336e-05j),(-3.811235920245196e-05-1.5866074013462046e-05j),(-3.422351635077043e-05-2.271126875581883e-05j),(-2.7270585073926107e-05-3.070186890103735e-05j),(-1.6281868755281308e-05-3.789902650829205e-05j),(-1.2168001779966036e-06-4.159326747614255e-05j),(1.6302877684347307e-05-3.8850569008467184e-05j),(3.2654425444834726e-05-2.7654069610192498e-05j),(4.2755022352893435e-05-8.356371277241747e-06j),(2.844082496892722e-05+7.588456802805359e-06j),(3.663678034971901e-05+1.4989286654041261e-05j),(4.034084505796971e-05-1.2500626610904486e-05j),(1.7756872972681255e-05-3.661169680681514e-05j),(-1.402580910927328e-05-3.648327773801429e-05j),(-3.4669775455979977e-05-1.4061819831917524e-05j),(-3.2369963539075995e-05+1.496056349874567e-05j),(-1.0633449146833722e-05+3.20994597286966e-05j),(1.521072781309736e-05+2.799584776594911e-05j),(2.8805667131887483e-05+7.542059619374353e-06j),(2.332450645265195e-05-1.462473000398951e-05j),(4.8874764493092075e-06-2.4595078660861805e-05j),(-1.2898035244853244e-05-1.8241029739393897e-05j),(-1.8975339628513556e-05-2.8805018975086676e-06j),(-1.2924359011276855e-05+9.429047916762266e-06j),(-1.9571934453333695e-08-7.447921356748299e-09j),(-3.9527926598521724e-08-1.0870152146685746e-08j),(-1.9382528636005568e-08-7.375844698455156e-09j),(-1.2924359011276955e-05+9.429047916762322e-06j),(-1.897533962851384e-05-2.8805018975088137e-06j),(-1.289803524485322e-05-1.8241029739394148e-05j),(4.887476449309397e-06-2.4595078660861906e-05j),(2.3324506452652215e-05-1.4624730003989435e-05j),(2.8805667131887974e-05+7.542059619374792e-06j),(1.5210727813097254e-05+2.79958477659496e-05j),(-1.0633449146833774e-05+3.209945972869647e-05j),(-3.236996353907609e-05+1.4960563498745712e-05j),(-3.466977545598024e-05-1.4061819831917543e-05j),(-1.4025809109273427e-05-3.648327773801443e-05j),(1.7756872972681262e-05-3.661169680681538e-05j)
"(87,)",(1.2231822777907758e-05-4.664153622669669e-05j),(1.9763705686899277e-05-3.7692814408586526e-05j),(2.336349801734932e-05-3.5921034108958595e-05j),(2.8927349968141397e-05-3.2251522135290956e-05j),(3.56010338616171e-05-2.5795852416060903e-05j),(4.189315205232134e-05-1.5741776436002827e-05j),(4.563163522648345e-05-1.8555467257761806e-06j),(4.424296400111684e-05+1.4923000676411099e-05j),(3.5482674477117315e-05+3.202945207337989e-05j),(1.855571510819614e-05+4.532617206419745e-05j),(-4.733934290595771e-06+4.9981987054418195e-05j),(-2.9438352724533394e-05+4.222268009786872e-05j),(-4.8191270085745035e-05+2.1488242927684047e-05j),(-5.3482995924589265e-05-7.980354854188419e-06j),(-4.098196552858023e-05-3.7270225523424446e-05j),(-1.2544603964981569e-05-5.5313596142390806e-05j),(2.284251572046628e-05-5.3356599716658883e-05j),(5.142531345724678e-05-2.9644950923346592e-05j),(6.011950885383745e-05+8.140185595242632e-06j),(4.296095161213373e-05+4.4659109484191936e-05j),(5.335774104633442e-06+6.303192199909944e-05j),(-3.682872008199969e-05+5.2993106652245804e-05j),(-6.354413672374815e-05+1.7070735780350185e-05j),(-6.0462772851435984e-05-2.8974167504288083e-05j),(-2.7034418764135085e-05-6.270215053329927e-05j),(2.16387779970338e-05-6.604855227710692e-05j),(6.121056520409314e-05-3.539899443630443e-05j),(7.030393799002899e-05+1.5073161338476922e-05j),(4.239710168159485e-05+5.952405928314288e-05j),(2.486712163210288e-06+4.977222719888053e-05j),(1.850324223963446e-05+6.383006703787624e-05j),(5.9658490295063125e-05+4.175539144769381e-05j),(7.10824831802643e-05-1.043741884563129e-05j),(4.4157920050623216e-05-5.542008839930072e-05j),(-5.2209356955904004e-06-6.967341705532481e-05j),(-5.022218944963712e-05-4.7121632759208635e-05j),(-6.784753737636917e-05-1.1385398796387743e-06j),(-5.052486691253347e-05+4.3755524635224e-05j),(-8.76273806067466e-06+6.522397607102019e-05j),(3.561696371165994e-05+5.4101943961462445e-05j),(6.12197748917128e-05+1.7703948755505314e-05j),(5.733325441037071e-05-2.531870851541375e-05j),(2.782182102639617e-05-5.497421608891443e-05j),(-1.2362193064824888e-05-5.92688193675942e-05j),(-4.5294395418302434e-05-3.85336951371441e-05j),(-5.8277992952210145e-05-3.5248299408187656e-06j),(-4.835188864540619e-05+3.073722048267332e-05j),(-2.178985349997002e-05+5.1802877801801586e-05j),(1.0141866369532891e-05+5.41569360943688e-05j),(3.6491648937879785e-05+3.979531862570931e-05j),(5.049885098502069e-05+1.5710080112209486e-05j),(5.083191952125754e-05-9.852881273062824e-06j),(4.0461757974950327e-05-3.050494722203655e-05j),(2.435922046500818e-05-4.3177206730199836e-05j),(7.299217834374659e-06-4.79393065541188e-05j),(-7.445946530079883e-06-4.684708393326985e-05j),(-1.8393391462326908e-05-4.262026632196218e-05j),(-2.5434319598990357e-05-3.7686135083979306e-05j),(-2.915961096653319e-05-3.374355457733412e-05j),(-3.025867924751002e-05-3.1723109205121665e-05j),(-2.9140835688739633e-05-3.1918358933640366e-05j),(-2.5796394881727782e-05-3.4101462382512166e-05j),(-1.9870162492331166e-05-3.7538866428701014e-05j),(-1.0928671884751541e-05-4.093534714655172e-05j),(1.097879698855695e-06-4.243054540938043e-05j),(1.5377463549705035e-05-3.982567409443492e-05j),(2.9741915170905385e-05-3.118560751987547e-05j),(4.0675253384545604e-05-1.5799707070704693e-05j),(4.403735513189482e-05+4.7940366478518625e-06j),(3.659372955440752e-05+2.6292678618338544e-05j),(1.4362538962397975e-05+2.681603058335136e-05j),(1.4539574686596975e-05+3.822865346998065e-05j),(3.797836895039644e-05+2.1660666724616403e-05j),(4.034084505796977e-05-1.2500626610904488e-05j),(1.775687297268126e-05-3.6611696806815114e-05j),(-1.4025809109273239e-05-3.6483277738014156e-05j),(-3.4669775455980004e-05-1.4061819831917555e-05j),(-3.236996353907609e-05+1.4960563498745765e-05j),(-1.0633449146833535e-05+3.209945972869625e-05j),(1.5210727813097223e-05+2.799584776594887e-05j),(2.8805667131887825e-05+7.542059619374528e-06j),(2.3324506452651974e-05-1.4624730003989501e-05j),(4.887476449309181e-06-2.459507866086173e-05j),(-1.289803524485309e-05-1.8241029739393786e-05j),(-1.8975339628513688e-05-2.8805018975087862e-06j),(-1.29243590112769e-05+9.429047916762244e-06j),(-1.9382528636005568e-08-7.375844698455156e-09j),(-3.9527926598521386e-08-1.0870152146685815e-08j),(-1.954011016965311e-08-7.435810915516209e-09j),(-1.2924359011276779e-05+9.429047916762227e-06j),(-1.8975339628513617e-05-2.8805018975087367e-06j),(-1.28980352448531e-05-1.8241029739393897e-05j),(4.887476449309295e-06-2.459507866086164e-05j),(2.33245064526519e-05-1.462473000398932e-05j),(2.8805667131887642e-05+7.542059619374629e-06j),(1.5210727813097216e-05+2.7995847765949034e-05j),(-1.0633449146833557e-05+3.2099459728696164e-05j),(-3.236996353907572e-05+1.4960563498745709e-05j),(-3.466977545597987e-05-1.4061819831917317e-05j),(-1.4025809109273347e-05-3.648327773801396e-05j)
"(88,)",(-2.4679571784532118e-05-3.9149318784705936e-05j),(-1.3373144696132982e-05-3.865302930010034e-05j),(-9.466832613437232e-06-4.012652915356154e-05j),(-2.7096169452009016e-06-4.167061391136958e-05j),(6.93567662853523e-06-4.190259292890526e-05j),(1.8901277807549796e-05-3.90083018894387e-05j),(3.1570517929702494e-05-3.1153757012799165e-05j),(4.2071187696205554e-05-1.7247842924849226e-05j),(4.6623554937850396e-05+2.082571266110306e-06j),(4.165298086731987e-05+2.3722702630123115e-05j),(2.5529805714697156e-05+4.211158333562021e-05j),(2.9856756328712866e-07+5.058807446385913e-05j),(-2.7622608899385507e-05+4.400025905077934e-05j),(-4.8702418947752834e-05+2.1720244893918894e-05j),(-5.369307884873767e-05-1.0468050259218339e-05j),(-3.811655856925917e-05-4.113463503148373e-05j),(-5.719906000951564e-06-5.716365432296179e-05j),(3.1371053897055034e-05-4.974304141819012e-05j),(5.68602309008206e-05-1.9642394638223758e-05j),(5.766672622514878e-05+2.13503196828233e-05j),(3.11328112561354e-05+5.455400568874169e-05j),(-1.2006468341929932e-05+6.298293144601072e-05j),(-5.1383619794225185e-05+4.0468101985173805e-05j),(-6.657525276166729e-05-3.712981045688757e-06j),(-4.8041358458684776e-05-4.8033517563133626e-05j),(-3.440346617804359e-06-6.908989308862272e-05j),(4.4894443125441086e-05-5.422743675286708e-05j),(7.097609330927389e-05-9.493608149084594e-06j),(5.933883158218976e-05+4.21770416489716e-05j),(1.819853794432569e-05+4.622787821988013e-05j),(3.726978007641875e-05+5.486066955999865e-05j),(6.93446208312022e-05+2.18359558669079e-05j),(6.486621069838158e-05-3.063307144049353e-05j),(2.6789982297137298e-05-6.549457823221395e-05j),(-2.3770371968935435e-05-6.560642798348301e-05j),(-6.058842660259702e-05-3.2574233465086995e-05j),(-6.600678899190086e-05+1.5453728284289672e-05j),(-3.9068513940708993e-05+5.416618035564522e-05j),(5.45069926424716e-06+6.554559073740441e-05j),(4.5618241268781506e-05+4.5952069248121726e-05j),(6.340106704973546e-05+6.383499197191894e-06j),(5.253459339161662e-05-3.419959826058826e-05j),(1.991356474616038e-05-5.833783707243878e-05j),(-1.9154431442897694e-05-5.7486599938067004e-05j),(-4.8644019513213044e-05-3.433058162079535e-05j),(-5.847749881956218e-05+1.1654823062699382e-07j),(-4.744185825610325e-05+3.233231896763631e-05j),(-2.1907329982131313e-05+5.1908034023953975e-05j),(8.142857592696599e-06+5.46649711276601e-05j),(3.347233729427823e-05+4.2619853314732005e-05j),(4.849567698655717e-05+2.1670822262025044e-05j),(5.202566429916797e-05-1.4250568819431266e-06j),(4.626638283727482e-05-2.1411575324619073e-05j),(3.502583055381959e-05-3.558474562759238e-05j),(2.208106358355436e-05-4.3636331535641456e-05j),(1.021369685645763e-05-4.6815450123275626e-05j),(9.703278681315774e-07-4.697252440955587e-05j),(-5.088325334431945e-06-4.584145133715264e-05j),(-7.95618332177562e-06-4.4657209504142383e-05j),(-7.800630737399953e-06-4.403178393198011e-05j),(-4.750024787376134e-06-4.395835319255578e-05j),(1.117088846968831e-06-4.3852151937912514e-05j),(9.595838909750097e-06-4.2615863043204174e-05j),(2.004427290349415e-05-3.879322602202035e-05j),(3.1047349444287474e-05-3.090922564906999e-05j),(4.0241558618315935e-05-1.8054261219657772e-05j),(4.453531801995854e-05-6.344529601056051e-07j),(4.090233405625537e-05+1.899019052434144e-05j),(2.7698524037649088e-05+3.6421588670287655e-05j),(6.088794373691324e-06+4.610850314689537e-05j),(-1.006988341332708e-05+2.9713561048086816e-05j),(-1.8557599330549184e-05+3.787244468841773e-05j),(1.0452539596192883e-05+4.393345332552523e-05j),(3.7978368950396555e-05+2.1660666724616423e-05j),(4.0340845057969805e-05-1.2500626610904544e-05j),(1.7756872972681167e-05-3.661169680681509e-05j),(-1.4025809109273305e-05-3.6483277738014265e-05j),(-3.4669775455980214e-05-1.4061819831917565e-05j),(-3.236996353907575e-05+1.4960563498745687e-05j),(-1.063344914683345e-05+3.209945972869602e-05j),(1.5210727813097377e-05+2.7995847765949308e-05j),(2.8805667131887876e-05+7.5420596193745405e-06j),(2.3324506452651917e-05-1.4624730003989494e-05j),(4.887476449309212e-06-2.4595078660861564e-05j),(-1.2898035244853122e-05-1.824102973939401e-05j),(-1.8975339628513735e-05-2.880501897508831e-06j),(-1.2924359011276955e-05+9.429047916762322e-06j),(-1.954011016965311e-08-7.435810915516209e-09j),(-3.952792659852294e-08-1.087015214668441e-08j),(-1.963589502344989e-08-7.472260969025469e-09j),(-1.29243590112769e-05+9.429047916762252e-06j),(-1.897533962851373e-05-2.8805018975088235e-06j),(-1.2898035244853117e-05-1.824102973939407e-05j),(4.887476449309405e-06-2.4595078660861767e-05j),(2.332450645265209e-05-1.4624730003989316e-05j),(2.8805667131887703e-05+7.542059619374597e-06j),(1.5210727813097244e-05+2.799584776594927e-05j),(-1.0633449146833688e-05+3.209945972869642e-05j),(-3.2369963539075995e-05+1.4960563498745687e-05j),(-3.466977545598004e-05-1.4061819831917534e-05j)
"(89,)",(-4.346170899435392e-05-8.334698562267836e-06j),(-3.573150072274777e-05-1.605583236068602e-05j),(-3.406506148755966e-05-2.0083957560352537e-05j),(-3.034334958583697e-05-2.6284709455585507e-05j),(-2.342661612797818e-05-3.358335461323452e-05j),(-1.236826564652762e-05-4.0054091656041074e-05j),(2.8489648561799815e-06-4.293820614575026e-05j),(2.0530061574717e-05-3.9203201932653484e-05j),(3.687850667653647e-05-2.67449916703852e-05j),(4.653767679579481e-05-5.945171213084684e-06j),(4.43506756439722e-05+1.91671418720086e-05j),(2.7987073083962942e-05+4.111758844194495e-05j),(3.062608779928148e-07+5.117348135990337e-05j),(-3.0084715029477395e-05+4.316361893401577e-05j),(-5.118073646489328e-05+1.737460265159465e-05j),(-5.256984907264955e-05-1.7723493347608594e-05j),(-3.107049692201115e-05-4.765955604566492e-05j),(6.037334318475127e-06-5.7980954480981215e-05j),(4.269554321286167e-05-4.1698507451559884e-05j),(6.0900312077329016e-05-4.241309959223775e-06j),(4.990261575370029e-05+3.7459633127305386e-05j),(1.2977162885387942e-05+6.239430867906049e-05j),(-3.255605533906177e-05+5.630861865975267e-05j),(-6.316279697462718e-05+2.0276095402025656e-05j),(-6.142097006058696e-05-2.8268501278373927e-05j),(-2.631784436119906e-05-6.364575305084205e-05j),(2.4708910569994597e-05-6.561511614614899e-05j),(6.411099431035654e-05-3.128479346157523e-05j),(6.915873439891218e-05+2.1901328442177443e-05j),(3.106289696606188e-05+3.859156520544875e-05j),(5.138188939439737e-05+4.175148366920364e-05j),(7.258759292305552e-05+1.683757005254949e-06j),(5.424967890139349e-05-4.680670837894088e-05j),(9.133498664094711e-06-7.009530235369225e-05j),(-3.898951463349453e-05-5.779527535385579e-05j),(-6.640784033192631e-05-1.774998717554583e-05j),(-6.108802007480694e-05+2.9306091931513614e-05j),(-2.743338479808306e-05+6.086491647911622e-05j),(1.7363908492960456e-05+6.342893974609152e-05j),(5.2578711223845934e-05+3.7801624134836274e-05j),(6.367965906360207e-05-2.8889157375387437e-06j),(4.793279153026212e-05-4.046161096548196e-05j),(1.3972241543049747e-05-6.010064482286613e-05j),(-2.344310732941717e-05-5.596246421438775e-05j),(-5.030425862430045e-05-3.2038418395956546e-05j),(-5.8590966241549763e-05+1.1450286105863142e-06j),(-4.804124884298206e-05+3.170528175523419e-05j),(-2.454607373449908e-05+5.090699123170538e-05j),(3.3332743215086363e-06+5.53696936926125e-05j),(2.7858570698623938e-05+4.6754198914027875e-05j),(4.429590201523895e-05+2.9793186527890424e-05j),(5.140109609755094e-05+9.918760443201343e-06j),(5.0616701460784015e-05-8.524435247524462e-06j),(4.473366608397597e-05-2.3069915508885464e-05j),(3.668226649296413e-05-3.3040518560747675e-05j),(2.8798373767605392e-05-3.896675887523213e-05j),(2.259008539659119e-05-4.190304420561696e-05j),(1.8838986692368382e-05-4.288470236877013e-05j),(1.7826097355428676e-05-4.260172424924115e-05j),(1.9520769869551264e-05-4.126008384643089e-05j),(2.3648195354817427e-05-3.857546892951444e-05j),(2.962243575797806e-05-3.3872059045237616e-05j),(3.6392693377107385e-05-2.6300245029985447e-05j),(4.230786704959268e-05-1.5202551522154494e-05j),(4.515227213982209e-05-6.170961974813576e-07j),(4.2511521625968616e-05+1.619429432968438e-05j),(3.254427575760909e-05+3.243726691059482e-05j),(1.5037121132070396e-05+4.4016975055574266e-05j),(-7.648976513091899e-06+4.655010363651338e-05j),(-3.0333291202949716e-05+3.7090202384750864e-05j),(-2.941920822834747e-05+1.3331321760763078e-05j),(-4.1522628476943996e-05+1.2666453692361785e-05j),(-2.5721713055996346e-05+3.880253337067594e-05j),(1.0452539596192907e-05+4.39334533255253e-05j),(3.7978368950396576e-05+2.1660666724616437e-05j),(4.034084505796969e-05-1.2500626610904524e-05j),(1.7756872972681194e-05-3.661169680681516e-05j),(-1.4025809109273401e-05-3.648327773801437e-05j),(-3.466977545597987e-05-1.406181983191736e-05j),(-3.2369963539075514e-05+1.4960563498745579e-05j),(-1.0633449146833674e-05+3.209945972869643e-05j),(1.5210727813097362e-05+2.799584776594934e-05j),(2.8805667131887798e-05+7.542059619374512e-06j),(2.3324506452651778e-05-1.4624730003989332e-05j),(4.8874764493093625e-06-2.4595078660861744e-05j),(-1.2898035244853117e-05-1.824102973939407e-05j),(-1.897533962851384e-05-2.8805018975088137e-06j),(-1.2924359011276779e-05+9.429047916762227e-06j),(-1.963589502344989e-08-7.472260969025469e-09j),(-3.952792659852281e-08-1.0870152146684197e-08j),(-1.9635895023449678e-08-7.47226096902528e-09j),(-1.29243590112769e-05+9.429047916762252e-06j),(-1.8975339628513732e-05-2.8805018975088307e-06j),(-1.2898035244853115e-05-1.8241029739394063e-05j),(4.88747644930941e-06-2.4595078660861767e-05j),(2.332450645265191e-05-1.4624730003989379e-05j),(2.880566713188774e-05+7.54205961937458e-06j),(1.5210727813097347e-05+2.79958477659493e-05j),(-1.0633449146833698e-05+3.209945972869643e-05j),(-3.2369963539075975e-05+1.4960563498745677e-05j)
"(90,)",(-3.4060517156811186e-05+2.479564896018072e-05j),(-3.452832689657678e-05+1.4285338298623035e-05j),(-3.641357780476706e-05+1.0122271592117813e-05j),(-3.837728810186094e-05+2.8069914217074018e-06j),(-3.8626993046138016e-05-7.706480312106549e-06j),(-3.487773686882898e-05-2.0545719585533738e-05j),(-2.5058076394625858e-05-3.334772943045446e-05j),(-8.497033411715182e-06-4.220561545587625e-05j),(1.2808645729101827e-05-4.2581627981156094e-05j),(3.364855455505486e-05-3.1261513690906785e-05j),(4.6613062666684575e-05-8.720019409690705e-06j),(4.491529786287423e-05+1.9405844746771416e-05j),(2.6155465322744952e-05+4.3126123539183556e-05j),(-4.885093047755499e-06+5.171203362658513e-05j),(-3.650951775144387e-05+3.901848459307116e-05j),(-5.434248137434634e-05+7.904945455675368e-06j),(-4.824491594883736e-05-2.9165104950717116e-05j),(-1.8550375040827513e-05-5.475996977540346e-05j),(2.2221294246268104e-05-5.4911719799025813e-05j),(5.4179895916308424e-05-2.722877067811637e-05j),(5.988005236997769e-05+1.6133809618840244e-05j),(3.427114898520488e-05+5.330630901869995e-05j),(-1.1036553432817565e-05+6.376034340498824e-05j),(-5.252834651227704e-05+3.9998903077019665e-05j),(-6.696205854142464e-05-6.921978249371378e-06j),(-4.467583200701689e-05-5.2050418935224745e-05j),(3.727902005030862e-06-6.975101372087833e-05j),(5.1970892546314735e-05-4.8503295704718395e-05j),(7.229489496267468e-05+1.3771241381474454e-06j),(4.039729050376941e-05+2.8452308152409342e-05j),(6.0513825245399436e-05+2.6614710183748204e-05j),(7.055753554429055e-05-1.6826881336371994e-05j),(4.123647792109637e-05-5.8521721971434945e-05j),(-7.224586624967668e-06-7.026813924511935e-05j),(-5.054141996009466e-05-4.796695695174632e-05j),(-6.859833406454555e-05-3.99224305020726e-06j),(-5.456748193352286e-05+4.0143132506731165e-05j),(-1.676380430529339e-05+6.462612441520775e-05j),(2.6717327390883485e-05+6.011121400674781e-05j),(5.709585168420809e-05+3.062759376607095e-05j),(6.303546325773988e-05-9.8284026397136e-06j),(4.4330118923414963e-05-4.447843028962914e-05j),(1.0310391629046971e-05-6.0926407723164346e-05j),(-2.5353886117067227e-05-5.524357722306533e-05j),(-5.054906100047062e-05-3.189665033660012e-05j),(-5.875384074365639e-05-4.655157687053713e-07j),(-5.00543532208439e-05+2.8779180984824627e-05j),(-2.9521214641597374e-05+4.84315129694891e-05j),(-4.291365286080537e-06+5.553676933236098e-05j),(1.9187925070003504e-05+5.121231551371358e-05j),(3.68198897244895e-05+3.9066563006849124e-05j),(4.72212118887236e-05+2.3377603363862297e-05j),(5.113792007663754e-05+7.73695645566541e-06j),(5.04729045461426e-05-5.572796261547035e-06j),(4.739266872883009e-05-1.5563963554086776e-05j),(4.374976539728501e-05-2.2166037028763703e-05j),(4.083881266186956e-05-2.5754625857183455e-05j),(3.937814763714793e-05-2.6761481091773763e-05j),(3.958124206123919e-05-2.5436350358159776e-05j),(4.1217278196408965e-05-2.1767142298586566e-05j),(4.362103113306078e-05-1.554490720206902e-05j),(4.5675203302072285e-05-6.562288510773268e-06j),(4.584169420020452e-05+5.072071971242312e-06j),(4.2348479135083675e-05+1.8558254138264883e-05j),(3.362263974895625e-05+3.2094919947557654e-05j),(1.89723815212386e-05+4.283446720309803e-05j),(-6.407454081076864e-07+4.73190358302177e-05j),(-2.2083649602484693e-05+4.250036592160402e-05j),(-4.023081342868172e-05+2.718000883766748e-05j),(-4.916599191008951e-05+3.3575601016024592e-06j),(-3.066496372957189e-05-1.2719635697066137e-05j),(-3.864921851767605e-05-2.228571544244292e-05j),(-4.724504347514996e-05+7.935260755574367e-06j),(-2.572171305599639e-05+3.880253337067601e-05j),(1.0452539596192932e-05+4.3933453325525326e-05j),(3.7978368950396494e-05+2.1660666724616372e-05j),(4.034084505796975e-05-1.2500626610904556e-05j),(1.7756872972681235e-05-3.661169680681534e-05j),(-1.4025809109273323e-05-3.648327773801399e-05j),(-3.466977545597961e-05-1.4061819831917238e-05j),(-3.2369963539075975e-05+1.4960563498745707e-05j),(-1.0633449146833701e-05+3.209945972869647e-05j),(1.5210727813097349e-05+2.799584776594927e-05j),(2.880566713188757e-05+7.54205961937452e-06j),(2.332450645265203e-05-1.4624730003989337e-05j),(4.887476449309409e-06-2.4595078660861774e-05j),(-1.289803524485322e-05-1.8241029739394148e-05j),(-1.8975339628513617e-05-2.8805018975087367e-06j),(-1.29243590112769e-05+9.429047916762252e-06j),(-1.9635895023449678e-08-7.47226096902528e-09j),(-3.952792659852306e-08-1.0870152146683987e-08j),(-1.9635895023450134e-08-7.472260969025336e-09j),(-1.2924359011276908e-05+9.429047916762249e-06j),(-1.897533962851373e-05-2.880501897508827e-06j),(-1.2898035244853113e-05-1.8241029739394063e-05j),(4.887476449309258e-06-2.4595078660861683e-05j),(2.3324506452651917e-05-1.4624730003989413e-05j),(2.8805667131887828e-05+7.5420596193745295e-06j),(1.5210727813097349e-05+2.7995847765949318e-05j),(-1.0633449146833706e-05+3.209945972869642e-05j)
"(91,)",(-4.892931901819593e-06+3.9591047748392216e-05j),(-1.2660802771714792e-05+3.313428540149181e-05j),(-1.721772244490437e-05+3.158074532782253e-05j),(-2.417493173738768e-05+2.7694945738753955e-05j),(-3.208362711289072e-05+1.9987580214258458e-05j),(-3.831616395803185e-05+7.438421173058611e-06j),(-3.929926878288457e-05-9.387974561738313e-06j),(-3.166906421691672e-05-2.7400268241704614e-05j),(-1.4226903240798154e-05-4.101565778142508e-05j),(1.0164552837603634e-05-4.38219147618242e-05j),(3.41171168988943e-05-3.170460563438794e-05j),(4.777584734193096e-05-6.113926221235368e-06j),(4.323663616885342e-05+2.460794888669102e-05j),(1.945896816960093e-05+4.748546384205226e-05j),(-1.523959772588665e-05+5.062347396586198e-05j),(-4.542195326397652e-05+2.99281229850843e-05j),(-5.545855976221608e-05-7.004867032865583e-06j),(-3.8098329002771736e-05-4.290455855645382e-05j),(1.325900196489323e-07-5.883249203807869e-05j),(4.0581342024097713e-05-4.4549431507303796e-05j),(6.14266502927636e-05-5.434156012502545e-06j),(4.9736172853292483e-05+3.874595135077201e-05j),(9.83619687741504e-06+6.364859979546062e-05j),(-3.7512929522831924e-05+5.398446304143216e-05j),(-6.573431828427287e-05+1.3220914669005574e-05j),(-5.751796683489565e-05-3.690881601805996e-05j),(-1.5716775844538896e-05-6.781457573008536e-05j),(3.69182406017414e-05-6.048598543580172e-05j),(6.995586464090865e-05-1.7428172538523125e-05j),(4.616617698050036e-05+1.7281814421931596e-05j),(6.506652691057559e-05+1.1223196908721568e-05j),(6.475723360687076e-05-3.257379723421544e-05j),(2.7544074160288427e-05-6.603990644413654e-05j),(-2.1337654072577308e-05-6.73122493006761e-05j),(-5.8656364224667735e-05-3.758860182038451e-05j),(-6.826074083193798e-05+7.885746267715961e-06j),(-4.768981985376463e-05+4.8132091921089975e-05j),(-7.77809510468649e-06+6.633960827300676e-05j),(3.357684847557221e-05+5.661843127985345e-05j),(5.9812460613419974e-05+2.506748297703559e-05j),(6.223684605153111e-05-1.4375596394850238e-05j),(4.223738075673305e-05-4.6600939284209454e-05j),(9.069487287055688e-06-6.124062599972412e-05j),(-2.495654249763065e-05-5.557354162908621e-05j),(-4.9393510135503447e-05-3.3937583163114224e-05j),(-5.874710491263871e-05-4.718528974258398e-06j),(-5.304399045865839e-05+2.331881448850866e-05j),(-3.6371303454355754e-05+4.382524527394307e-05j),(-1.4515389145353539e-05+5.404948718049848e-05j),(7.191578679127987e-06+5.451284023484527e-05j),(2.5160236241795996e-05+4.780126315815809e-05j),(3.785806159862787e-05+3.719335167991071e-05j),(4.542211545490647e-05+2.562707044711446e-05j),(4.8971863166902276e-05+1.518989697047239e-05j),(4.99496322690158e-05+7.0638617254703915e-06j),(4.965624632876452e-05+1.7383907485937136e-06j),(4.900395560767077e-05-6.975201029057481e-07j),(4.8427329887333144e-05-3.1381014267610854e-07j),(4.787722311433401e-05+2.787054646850542e-06j),(4.6850877324153505e-05+8.463860874322807e-06j),(4.445654134833416e-05+1.640914283118705e-05j),(3.9551811951956375e-05+2.5937631291833847e-05j),(3.1012177026733774e-05+3.5764505850921614e-05j),(1.8161598628170368e-05+4.3893495883959764e-05j),(1.3188571135945963e-06+4.776679753884459e-05j),(-1.7707453594093643e-05+4.4803685885088516e-05j),(-3.545719853777071e-05+3.333248694843731e-05j),(-4.7296291389710005e-05+1.370054044495479e-05j),(-4.8687678011993815e-05-1.0898568762898615e-05j),(-3.7060077479688803e-05-3.446648685111029e-05j),(-1.1967099703175158e-05-3.1903485225033204e-05j),(-1.0375065581235885e-05-4.45938229597136e-05j),(-3.910639328405473e-05-2.9892392239253424e-05j),(-4.7245043475150054e-05+7.935260755574367e-06j),(-2.5721713055996376e-05+3.8802533370676055e-05j),(1.0452539596192946e-05+4.393345332552524e-05j),(3.797836895039656e-05+2.16606667246164e-05j),(4.034084505796991e-05-1.2500626610904652e-05j),(1.7756872972680984e-05-3.6611696806815e-05j),(-1.4025809109273235e-05-3.64832777380137e-05j),(-3.4669775455980024e-05-1.4061819831917514e-05j),(-3.236996353907601e-05+1.49605634987457e-05j),(-1.0633449146833657e-05+3.20994597286964e-05j),(1.521072781309716e-05+2.79958477659491e-05j),(2.880566713188776e-05+7.542059619374726e-06j),(2.3324506452652096e-05-1.4624730003989316e-05j),(4.887476449309397e-06-2.4595078660861906e-05j),(-1.28980352448531e-05-1.8241029739393897e-05j),(-1.897533962851373e-05-2.8805018975088235e-06j),(-1.29243590112769e-05+9.429047916762252e-06j),(-1.9635895023450134e-08-7.472260969025336e-09j),(-3.952792659852327e-08-1.0870152146683734e-08j),(-1.9635895023449833e-08-7.472260969025269e-09j),(-1.2924359011276906e-05+9.429047916762249e-06j),(-1.897533962851373e-05-2.880501897508828e-06j),(-1.289803524485315e-05-1.8241029739393897e-05j),(4.887476449309243e-06-2.459507866086171e-05j),(2.332450645265195e-05-1.4624730003989494e-05j),(2.880566713188784e-05+7.542059619374544e-06j),(1.521072781309734e-05+2.7995847765949318e-05j)
"(92,)",(2.4037434972335006e-05+2.8807951940304138e-05j),(1.4470297656365893e-05+3.0181176955774498e-05j),(9.963010074926968e-06+3.2572441403612574e-05j),(1.8728533511745294e-06+3.494096812131608e-05j),(-9.777875335470167e-06+3.484411246410139e-05j),(-2.3458331639156873e-05+2.9369683929951575e-05j),(-3.549713195145414e-05+1.6447592784581662e-05j),(-4.06064519629704e-05-3.3221915531497837e-06j),(-3.3990540892010135e-05-2.536048935052577e-05j),(-1.4456911559507942e-05-4.1658109473089556e-05j),(1.3176027579386942e-05-4.384581289957617e-05j),(3.8409032099983774e-05-2.787581023330902e-05j),(4.906653644699582e-05+2.1711245041255026e-06j),(3.768451187059498e-05+3.398535282479009e-05j),(6.917300132733698e-06+5.1890057375470876e-05j),(-2.9753685483564972e-05+4.497140731799965e-05j),(-5.362385514824155e-05+1.4181534290166385e-05j),(-5.05839974336136e-05-2.623337880074502e-05j),(-1.9908194046008133e-05-5.4973164296499444e-05j),(2.3576056020027758e-05-5.509075265269435e-05j),(5.6301743883458075e-05-2.437646351673496e-05j),(5.885187920252365e-05+2.1784292548332442e-05j),(2.7809382667308913e-05+5.7787243416056775e-05j),(-2.0805899800219765e-05+6.208878368488049e-05j),(-5.95066410708674e-05+3.0372966991134664e-05j),(-6.493370344949929e-05-2.0573023130446354e-05j),(-3.218728313072874e-05-6.148224103813537e-05j),(2.101741729515476e-05-6.746214036942767e-05j),(6.370645742108471e-05-3.333829691348549e-05j),(4.879087407078001e-05+6.257207231285906e-06j),(6.588956271927968e-05-3.1341465491764636e-06j),(5.671228933873031e-05-4.510583211658887e-05j),(1.446609824775947e-05-7.0061640216946e-05j),(-3.280906927083339e-05-6.252595430029112e-05j),(-6.39039473308301e-05-2.77712639585251e-05j),(-6.647230778455248e-05+1.7506299064019254e-05j),(-4.140295555547265e-05+5.368447657292811e-05j),(-8.603342352685709e-07+6.684193257412166e-05j),(3.816442737307817e-05+5.3718190831991244e-05j),(6.127754112341099e-05+2.149660820216923e-05j),(6.17975160705112e-05-1.656319963574176e-05j),(4.192009069275641e-05-4.7049351584259315e-05j),(1.0297972566100046e-05-6.118876897105838e-05j),(-2.2213284283587243e-05-5.689882347640014e-05j),(-4.658666599639327e-05-3.7988382690306605e-05j),(-5.800463779923237e-05-1.1546299565845895e-05j),(-5.6197607026779724e-05+1.5039945697598576e-05j),(-4.423291849146435e-05+3.628637780596438e-05j),(-2.665924673702654e-05+4.953927631827323e-05j),(-7.836159499040617e-06+5.4756182772831994e-05j),(9.08361495797111e-06+5.362556884650839e-05j),(2.245111359370469e-05+4.855143189797107e-05j),(3.189468821143595e-05+4.1862709320677275e-05j),(3.785164929432807e-05+3.5381472111676656e-05j),(4.1088509034619466e-05+3.030866116691516e-05j),(4.2335070177619806e-05+2.730282184020859e-05j),(4.206386133315166e-05+2.6621971317954543e-05j),(4.039493654905247e-05+2.823512795062753e-05j),(3.709684446589476e-05+3.1856910452725575e-05j),(3.167099471809556e-05+3.690135033376068e-05j),(2.3527306020562728e-05+4.2388866097828826e-05j),(1.2263816498485005e-05+4.687599613064513e-05j),(-1.9633248148810764e-06+4.8506399742463e-05j),(-1.8054668832894965e-05+4.528607638360318e-05j),(-3.37232561573295e-05+3.5639126486727846e-05j),(-4.560531182091513e-05+1.918422371955542e-05j),(-4.991261344684288e-05-2.4986686470786434e-06j),(-4.365051653585915e-05-2.5499364477319993e-05j),(-2.613382109509861e-05-4.402740746338218e-05j),(-2.1276662831126864e-07-5.1905683919956216e-05j),(1.5504449023256436e-05-3.129808605736025e-05j),(2.613107909286646e-05-3.897747505845298e-05j),(-4.994917925624819e-06-5.025638490547829e-05j),(-3.910639328405483e-05-2.9892392239253516e-05j),(-4.724504347515008e-05+7.935260755574411e-06j),(-2.5721713055996295e-05+3.880253337067601e-05j),(1.0452539596192946e-05+4.393345332552531e-05j),(3.797836895039676e-05+2.166066672461646e-05j),(4.034084505796951e-05-1.2500626610904635e-05j),(1.7756872972680852e-05-3.6611696806814715e-05j),(-1.4025809109273325e-05-3.648327773801425e-05j),(-3.4669775455980085e-05-1.4061819831917543e-05j),(-3.236996353907594e-05+1.4960563498745707e-05j),(-1.0633449146833673e-05+3.2099459728696144e-05j),(1.5210727813097149e-05+2.79958477659494e-05j),(2.8805667131887805e-05+7.5420596193747955e-06j),(2.3324506452652215e-05-1.4624730003989435e-05j),(4.887476449309295e-06-2.459507866086164e-05j),(-1.2898035244853117e-05-1.824102973939407e-05j),(-1.8975339628513732e-05-2.8805018975088307e-06j),(-1.2924359011276908e-05+9.429047916762249e-06j),(-1.9635895023449833e-08-7.472260969025269e-09j),(-3.952792659852294e-08-1.0870152146683873e-08j),(-1.963589502344955e-08-7.472260969025239e-09j),(-1.2924359011276906e-05+9.429047916762245e-06j),(-1.897533962851365e-05-2.880501897508702e-06j),(-1.2898035244853178e-05-1.8241029739393904e-05j),(4.8874764493092075e-06-2.4595078660861767e-05j),(2.3324506452651964e-05-1.4624730003989492e-05j),(2.8805667131887842e-05+7.542059619374545e-06j)
"(93,)",(3.492513945356994e-05+2.0086675790700735e-06j),(2.9817953357444593e-05+9.67540977110647e-06j),(2.8376868984351437e-05+1.4929405067825255e-05j),(2.4081911643344353e-05+2.281201674366249e-05j),(1.4967858124118067e-05+3.1161917165073125e-05j),(2.3196396547847555e-07+3.6166398618459075e-05j),(-1.810445658969083e-05+3.327846275434358e-05j),(-3.4493024285773875e-05+1.958408404941386e-05j),(-4.1332038784187135e-05-3.3732882156388734e-06j),(-3.273383653426526e-05-2.830193592558045e-05j),(-8.912390755499544e-06-4.4167529538612435e-05j),(2.1697477872105604e-05-4.148418375625704e-05j),(4.4902950632841195e-05-1.8438086505955545e-05j),(4.7605788372142195e-05+1.6026121658420807e-05j),(2.5741961803385518e-05+4.504811324090228e-05j),(-1.1587777157589348e-05+5.2231257525725796e-05j),(-4.5271130799158973e-05+3.1378244825694145e-05j),(-5.601077958848257e-05-8.343991704585433e-06j),(-3.575935312364369e-05-4.584492675217737e-05j),(6.169662033962425e-06-5.9302982067377556e-05j),(4.686195723703333e-05-3.916547101832768e-05j),(6.229971491637204e-05+4.934485347627896e-06j),(4.178096179353352e-05+4.8332844928118645e-05j),(-4.525169752895074e-06+6.509811621510323e-05j),(-5.0231479760192105e-05+4.372570826341793e-05j),(-6.774109197983541e-05-4.848178730717694e-06j),(-4.5077297120363905e-05-5.2515765917067285e-05j),(5.826829714282853e-06-7.024015506183264e-05j),(5.513720176299257e-05-4.588584625866847e-05j),(4.895040319204543e-05-3.8064827966882077e-06j),(6.402851121410012e-05-1.566751281357381e-05j),(4.776970415365084e-05-5.448170227637705e-05j),(2.855690112800997e-06-7.149003760217122e-05j),(-4.164362852343429e-05-5.70487558144583e-05j),(-6.699395833404519e-05-1.9271125058573176e-05j),(-6.416203325036408e-05+2.4793331607828034e-05j),(-3.636714434018577e-05+5.7288432867812705e-05j),(3.825896272154675e-06+6.681436562147408e-05j),(4.072152094382293e-05+5.1923816684044194e-05j),(6.186107824790185e-05+2.0109427185194658e-05j),(6.196582502262946e-05-1.6421801934628794e-05j),(4.343228628403986e-05-4.585644719306075e-05j),(1.3978441633669075e-05-6.062257489473611e-05j),(-1.6991088880389638e-05-5.8862637192554966e-05j),(-4.165709612468406e-05-4.362404217030918e-05j),(-5.565242673150883e-05-2.0690314449222032e-05j),(-5.830978753721859e-05+3.80359637544924e-06j),(-5.172539870955071e-05+2.5116561433167438e-05j),(-3.9340174615762665e-05+4.066503911582113e-05j),(-2.465372498206304e-05+4.992040596491892e-05j),(-1.0410398245471672e-05+5.379893224802733e-05j),(1.6903167272804024e-06+5.3923764661962125e-05j),(1.0892719677873429e-05+5.2018094082780685e-05j),(1.708722188793665e-05+4.9531917621594646e-05j),(2.048037888769912e-05+4.748402495751152e-05j),(2.1331347894327708e-05+4.644194547212402e-05j),(1.9794173849833503e-05+4.655692325407045e-05j),(1.5870792712152565e-05+4.759656930043956e-05j),(9.468045549246663e-06+4.895532295254426e-05j),(5.501110862871768e-07+4.966080963326115e-05j),(-1.0630276550575004e-05+4.842588814922389e-05j),(-2.326416807620308e-05+4.381336616745527e-05j),(-3.576867701119592e-05+3.456972214815206e-05j),(-4.575193326551027e-05+2.013111148120968e-05j),(-5.0308340592293e-05+1.2057501604444511e-06j),(-4.673361100327552e-05-1.9785274274059876e-05j),(-3.3592937446342266e-05-3.8712753201885076e-05j),(-1.1845426733081183e-05-5.0462245471579714e-05j),(1.448395939592394e-05-5.043638914512031e-05j),(3.864343764254922e-05-3.652148736995138e-05j),(3.424765431500926e-05-1.0294182955801046e-05j),(4.741927049417285e-05-7.701091985609743e-06j),(3.412766685274125e-05-3.890670660742374e-05j),(-4.9949179256248316e-06-5.0256384905478334e-05j),(-3.910639328405487e-05-2.989239223925348e-05j),(-4.724504347514993e-05+7.935260755574445e-06j),(-2.5721713055996346e-05+3.880253337067604e-05j),(1.0452539596193068e-05+4.393345332552548e-05j),(3.797836895039646e-05+2.1660666724616135e-05j),(4.0340845057969195e-05-1.2500626610904519e-05j),(1.7756872972681157e-05-3.661169680681517e-05j),(-1.4025809109273344e-05-3.6483277738014265e-05j),(-3.466977545598001e-05-1.4061819831917468e-05j),(-3.2369963539075724e-05+1.4960563498745492e-05j),(-1.0633449146833896e-05+3.209945972869633e-05j),(1.521072781309713e-05+2.7995847765949467e-05j),(2.8805667131887974e-05+7.542059619374792e-06j),(2.33245064526519e-05-1.462473000398932e-05j),(4.887476449309405e-06-2.4595078660861767e-05j),(-1.2898035244853115e-05-1.8241029739394063e-05j),(-1.897533962851373e-05-2.880501897508827e-06j),(-1.2924359011276906e-05+9.429047916762249e-06j),(-1.963589502344955e-08-7.472260969025239e-09j),(-3.952792659852302e-08-1.0870152146683999e-08j),(-1.9635895023450002e-08-7.47226096902533e-09j),(-1.2924359011276777e-05+9.42904791676229e-06j),(-1.8975339628513688e-05-2.880501897508689e-06j),(-1.2898035244853256e-05-1.824102973939394e-05j),(4.887476449309212e-06-2.459507866086181e-05j),(2.3324506452651988e-05-1.4624730003989513e-05j)
"(94,)",(2.337189627488191e-05-2.2211899369412597e-05j),(2.5616115254578823e-05-1.3764274876868145e-05j),(2.8666002666192834e-05-8.74475394666801e-06j),(3.13086083097763e-05+5.238847363351374e-07j),(3.000091322870422e-05+1.3656679485192514e-05j),(2.117374864607031e-05+2.761021485172828e-05j),(3.7558207504072765e-06+3.652312768984212e-05j),(-1.8469437085397693e-05+3.3970993164427565e-05j),(-3.684119238826233e-05+1.7090450421721497e-05j),(-4.137186583837382e-05-9.858270060791585e-06j),(-2.6700760430889923e-05-3.548636803008754e-05j),(3.029976044594312e-06-4.6145702356348116e-05j),(3.416655076538096e-05-3.376339178834157e-05j),(4.9735498576398006e-05-2.0582008536737877e-06j),(3.9141972257052716e-05+3.3432798316433536e-05j),(5.685975346135345e-06+5.2826894822885994e-05j),(-3.341514004487919e-05+4.3365498376104195e-05j),(-5.573355086225846e-05+8.113712299498281e-06j),(-4.674388436081664e-05-3.4097786626006746e-05j),(-9.540813488565408e-06-5.858987507204651e-05j),(3.541854434443638e-05-4.945661393623132e-05j),(6.144259706049574e-05-1.0113221097364554e-05j),(5.160682938580632e-05+3.7304156584089784e-05j),(9.93794461223082e-06+6.429468049227202e-05j),(-3.9682273167732036e-05+5.325279219674495e-05j),(-6.712696809214115e-05+9.095310869507255e-06j),(-5.442619903451043e-05-4.248488707355254e-05j),(-7.647828846188067e-06-6.99092035312855e-05j),(4.5648741797965726e-05-5.51430376174959e-05j),(4.7412596312411795e-05-1.2441491565405537e-05j),(6.053323664197345e-05-2.6016314841316134e-05j),(3.9000075518359665e-05-6.108651194708674e-05j),(-6.812709913093359e-06-7.125048650367689e-05j),(-4.8088081417499524e-05-5.178888771754514e-05j),(-6.862699335347931e-05-1.2548921330156424e-05j),(-6.205320876421121e-05+2.983716588358303e-05j),(-3.300267472261516e-05+5.9385029749840986e-05j),(6.232895860945265e-06+6.673118098771915e-05j),(4.141432620507853e-05+5.151888753993247e-05j),(6.170913522792315e-05+2.0979455193576558e-05j),(6.272382071859336e-05-1.393338573409253e-05j),(4.662128408335768e-05-4.2856493028512464e-05j),(1.9998655634429174e-05-5.910790678400437e-05j),(-9.138969081261295e-06-6.079019822419653e-05j),(-3.402142322462205e-05-5.0087839327031417e-05j),(-5.061145016146545e-05-3.153187992759853e-05j),(-5.784016357501632e-05-1.0118872696903787e-05j),(-5.6932901872324864e-05+1.0079279804247602e-05j),(-5.035502223638489e-05+2.6568169262518336e-05j),(-4.0831362281394516e-05+3.843089384095982e-05j),(-3.069071069561438e-05+4.5931030753004606e-05j),(-2.158271553309165e-05+4.998832303087741e-05j),(-1.4482348671364367e-05+5.171535993361018e-05j),(-9.850069260436535e-06+5.209780585763091e-05j),(-7.82965804318624e-06+5.181893838482325e-05j),(-8.405352040508732e-06+5.1188780419743794e-05j),(-1.1479293800944495e-05+5.01341741888225e-05j),(-1.6858815471188e-05+4.822473586788852e-05j),(-2.416285685904073e-05+4.473640328066001e-05j),(-3.2675905640949435e-05+3.8777208656045944e-05j),(-4.120270245163519e-05+2.9508068099703495e-05j),(-4.800599824421751e-05+1.6474285637084628e-05j),(-5.092932905341688e-05+1.4351481460845887e-08j),(-4.779290325461737e-05-1.8363540877042685e-05j),(-3.707844704238893e-05-3.5824330498438487e-05j),(-1.8781635203338e-05-4.848611775839408e-05j),(4.858861754444254e-06-5.2283373454087764e-05j),(2.9168712372887787e-05-4.435424872058888e-05j),(4.7762833715311836e-05-2.4589458414750917e-05j),(5.430615602402738e-05+3.3003273706576194e-06j),(3.161459561993228e-05+1.8393012807913535e-05j),(3.886531457716057e-05+3.005313630648028e-05j),(5.294709286329011e-05-1.673386571964802e-06j),(3.4127666852741315e-05-3.8906706607423774e-05j),(-4.9949179256248595e-06-5.0256384905478395e-05j),(-3.910639328405477e-05-2.98923922392534e-05j),(-4.724504347515003e-05+7.935260755574437e-06j),(-2.5721713055996373e-05+3.880253337067625e-05j),(1.0452539596193068e-05+4.3933453325525e-05j),(3.797836895039614e-05+2.1660666724615983e-05j),(4.034084505796973e-05-1.2500626610904603e-05j),(1.775687297268119e-05-3.661169680681518e-05j),(-1.4025809109273308e-05-3.648327773801416e-05j),(-3.46697754559797e-05-1.4061819831917472e-05j),(-3.236996353907604e-05+1.496056349874546e-05j),(-1.063344914683396e-05+3.209945972869637e-05j),(1.5210727813097254e-05+2.79958477659496e-05j),(2.8805667131887642e-05+7.542059619374629e-06j),(2.332450645265209e-05-1.4624730003989316e-05j),(4.88747644930941e-06-2.4595078660861767e-05j),(-1.2898035244853113e-05-1.8241029739394063e-05j),(-1.897533962851373e-05-2.880501897508828e-06j),(-1.2924359011276906e-05+9.429047916762245e-06j),(-1.9635895023450002e-08-7.47226096902533e-09j),(-3.952792659852299e-08-1.0870152146684138e-08j),(-1.9540110169661527e-08-7.435810915517102e-09j),(-1.2924359011276752e-05+9.42904791676229e-06j),(-1.8975339628513695e-05-2.880501897508655e-06j),(-1.289803524485324e-05-1.824102973939391e-05j),(4.887476449309196e-06-2.459507866086176e-05j)
"(95,)",(-1.6261037470852832e-07-2.923977443620903e-05j),(7.2552790490625664e-06-2.5626653168105657e-05j),(1.3522453919996375e-05-2.4264832670705237e-05j),(2.2527799227678108e-05-1.8955619530694572e-05j),(3.055645437918493e-05-7.251321175989875e-06j),(3.188658581936367e-05+1.0293495686189965e-05j),(2.1703867591657457e-05+2.827920420232603e-05j),(2.6547616410217507e-07+3.7772438695319834e-05j),(-2.4849998436321e-05+3.1160035358436224e-05j),(-4.1107804939674964e-05+8.015608396127718e-06j),(-3.7799315709471236e-05-2.222295846664347e-05j),(-1.3537270023855378e-05-4.370487898859203e-05j),(2.071906313391728e-05-4.28542259071921e-05j),(4.621969327828219e-05-1.741234240490983e-05j),(4.694084448960092e-05+2.0266180952136886e-05j),(2.0034858953617524e-05+4.8870253057073666e-05j),(-2.0722984110388275e-05+5.036332049065153e-05j),(-5.1707745964543335e-05+2.1655930760999634e-05j),(-5.3271527104286304e-05-2.1955464503589674e-05j),(-2.2437012783072532e-05-5.471834135920333e-05j),(2.385016375735456e-05-5.573721234883049e-05j),(5.7862847356853964e-05-2.2485411742158613e-05j),(5.7791403908155365e-05+2.6312322864655955e-05j),(2.1875800555178975e-05+6.109279808235527e-05j),(-2.9261451934168585e-05+5.9443513515968e-05j),(-6.43571889689197e-05+2.0663111176838466e-05j),(-6.06915315791343e-05-3.26273472708019e-05j),(-1.8890366785580085e-05-6.760534945293165e-05j),(3.634707187805329e-05-6.152770685517318e-05j),(4.4913433221340144e-05-1.9462965099173532e-05j),(5.633655530711187e-05-3.4137429964697345e-05j),(3.118027150596637e-05-6.546433327029468e-05j),(-1.434353820614146e-05-7.017274629061843e-05j),(-5.249007075138965e-05-4.7412770905314275e-05j),(-6.939631915318211e-05-7.852894554312028e-06j),(-6.065022483157883e-05+3.278060621492841e-05j),(-3.154660793232479e-05+6.028719946223123e-05j),(6.351526146675508e-06+6.683850091894277e-05j),(4.028069165686133e-05+5.257876951472075e-05j),(6.072721886138356e-05+2.4083592460104942e-05j),(6.37843609500303e-05-9.035254679315645e-06j),(5.11002398328031e-05-3.7719222918927826e-05j),(2.8070307070260482e-05-5.596158487791301e-05j),(1.371038472709004e-06-6.168781660926225e-05j),(-2.316946307516128e-05-5.621622156575992e-05j),(-4.180185944235343e-05-4.291865449104035e-05j),(-5.31140995186933e-05-2.575838452189788e-05j),(-5.758650804020121e-05-8.181426089594018e-06j),(-5.683362028553017e-05+7.4516522620176556e-06j),(-5.2865759576032236e-05+1.9945114468660868e-05j),(-4.755983391083314e-05+2.9033964733856184e-05j),(-4.238521375137112e-05+3.5026065044778726e-05j),(-3.8335441342398796e-05+3.845902317333326e-05j),(-3.5978886192856626e-05+3.9841838342462555e-05j),(-3.554596087052555e-05+3.9497381408739916e-05j),(-3.6995599325645346e-05+3.749435187397943e-05j),(-4.00334658863679e-05+3.365330873410731e-05j),(-4.408199702907962e-05+2.7620399328854234e-05j),(-4.822750332510266e-05+1.901241555132533e-05j),(-5.119282071864593e-05+7.636607141015126e-06j),(-5.140179579208842e-05-6.230101502578593e-06j),(-4.7203639828711086e-05-2.155748470987729e-05j),(-3.729545002547079e-05-3.638059982315557e-05j),(-2.1308170959759414e-05-4.7866839938756174e-05j),(-4.1039434248102126e-07-5.2768846981466123e-05j),(2.232920749113391e-05-4.830843274591878e-05j),(4.21310541881066e-05-3.3353100184952366e-05j),(5.347026063101807e-05-9.516951611484958e-06j),(5.1783171601895856e-05+1.835282650985036e-05j),(3.549047332640512e-05+4.281842221038421e-05j),(8.335192477170127e-06+3.643107701302631e-05j),(4.67801830956817e-06+4.997622312599705e-05j),(3.8217646142519837e-05+3.838440471164721e-05j),(5.294709286328998e-05-1.6733865719649722e-06j),(3.4127666852741e-05-3.8906706607423794e-05j),(-4.994917925625078e-06-5.025638490547803e-05j),(-3.9106393284054874e-05-2.9892392239253103e-05j),(-4.724504347514997e-05+7.935260755574789e-06j),(-2.572171305599574e-05+3.8802533370675865e-05j),(1.0452539596193163e-05+4.393345332552443e-05j),(3.797836895039656e-05+2.1660666724616067e-05j),(4.034084505796958e-05-1.250062661090473e-05j),(1.7756872972680892e-05-3.661169680681504e-05j),(-1.4025809109273234e-05-3.6483277738013716e-05j),(-3.466977545597982e-05-1.4061819831917507e-05j),(-3.236996353907592e-05+1.4960563498745528e-05j),(-1.0633449146833774e-05+3.209945972869647e-05j),(1.5210727813097216e-05+2.7995847765949034e-05j),(2.8805667131887703e-05+7.542059619374597e-06j),(2.332450645265191e-05-1.4624730003989379e-05j),(4.887476449309258e-06-2.4595078660861683e-05j),(-1.289803524485315e-05-1.8241029739393897e-05j),(-1.897533962851365e-05-2.880501897508702e-06j),(-1.2924359011276777e-05+9.42904791676229e-06j),(-1.9540110169661527e-08-7.435810915517102e-09j),(-3.952792659852085e-08-1.087015214668508e-08j),(-1.9382528635988664e-08-7.375844698452446e-09j),(-1.2924359011276747e-05+9.429047916762195e-06j),(-1.8975339628513566e-05-2.880501897508747e-06j),(-1.2898035244853042e-05-1.824102973939386e-05j)
"(96,)",(-1.8919576714345736e-05-1.7655703337160444e-05j),(-1.1854584385808874e-05-2.083366163608493e-05j),(-5.9374418756276985e-06-2.480586110869173e-05j),(5.313593824950549e-06-2.709372201537276e-05j),(1.9941686439637876e-05-2.2351846344174814e-05j),(3.147473701768882e-05-7.488689968493323e-06j),(3.1610251552802355e-05+1.4355213728237456e-05j),(1.6058470668184566e-05+3.334359811796953e-05j),(-1.0554239665980132e-05+3.777004121294085e-05j),(-3.506358922004711e-05+2.189790480719585e-05j),(-4.255185702008757e-05-8.44142971689581e-06j),(-2.5982881929646584e-05-3.7164272674401354e-05j),(7.667020983106897e-06-4.6615098496532314e-05j),(3.970888136465775e-05-2.8831405083886816e-05j),(5.021695345960654e-05+7.953466358938719e-06j),(3.0722597854889965e-05+4.264512212137686e-05j),(-9.103695319339092e-06+5.345580033159123e-05j),(-4.5896233147367476e-05+3.181519075935844e-05j),(-5.636286229232045e-05-1.0975672514177218e-05j),(-3.220529993931304e-05-4.9384947215209e-05j),(1.3462179519800148e-05-5.8939401877232975e-05j),(5.303919152483636e-05-3.19552586481831e-05j),(6.117306138021652e-05+1.6477839234710543e-05j),(3.1108713278607396e-05+5.679274187672492e-05j),(-1.995109496237856e-05+6.304558636492872e-05j),(-6.0584613168296405e-05+2.9698933534567377e-05j),(-6.453672535388165e-05-2.38192374137289e-05j),(-2.7753599061441583e-05-6.435828224559164e-05j),(2.802528174876979e-05-6.562632101142953e-05j),(4.208598059067693e-05-2.48841014439545e-05j),(5.219532312486309e-05-4.018499566782421e-05j),(2.4827370221648678e-05-6.818597006744967e-05j),(-1.9713185874016593e-05-6.892711012118986e-05j),(-5.518870454469733e-05-4.436989578293711e-05j),(-6.973133805112479e-05-5.299720906812094e-06j),(-6.024674199621604e-05+3.3736263260420764e-05j),(-3.2097687363258496e-05+6.0133625637235386e-05j),(4.170047809436258e-06+6.714722250406078e-05j),(3.721624243602548e-05+5.4975501018038554e-05j),(5.8586757038610935e-05+2.9285574362170023e-05j),(6.458747692972309e-05-1.6749038482528851e-06j),(5.619903250128542e-05-3.0034122207964852e-05j),(3.761077646038212e-05-5.0336455250016884e-05j),(1.4250115092632472e-05-6.0293925440932e-05j),(-8.928229277260644e-06-6.042544621521093e-05j),(-2.8470541658676462e-05-5.306304679484548e-05j),(-4.271340352819708e-05-4.1235362934698944e-05j),(-5.1526080665611703e-05-2.778710329530955e-05j),(-5.578677756759457e-05-1.488309960176255e-05j),(-5.683571575337221e-05-3.873379143221829e-06j),(-5.604965756621223e-05+4.596195055941068e-06j),(-5.458275969164192e-05+1.0359882100343007e-05j),(-5.325059551593877e-05+1.349792548287028e-05j),(-5.2504867440452466e-05+1.4152963013587349e-05j),(-5.244703952571531e-05+1.2422230832964594e-05j),(-5.2846765211963064e-05+8.33027281040834e-06j),(-5.315502970102236e-05+1.878584229031294e-06j),(-5.252594947543308e-05-6.835255207620774e-06j),(-4.988075518976618e-05-1.7444588012680384e-05j),(-4.405711687279268e-05-2.912095776559538e-05j),(-3.407854704365194e-05-4.042445845935972e-05j),(-1.9543558892386685e-05-4.9289291504202784e-05j),(-1.0699433197965178e-06-5.324695554488277e-05j),(1.9351787672624036e-05-4.995542920535719e-05j),(3.830678025354822e-05-3.800596466566634e-05j),(5.141560485493382e-05-1.7826739349258366e-05j),(5.4400096307780646e-05+7.657579654512892e-06j),(4.461144353542117e-05+3.303231032828377e-05j),(2.2573478180374368e-05+5.1392825973955e-05j),(-7.1392477525316646e-06+5.634698890434999e-05j),(-2.135534377437166e-05+3.1615835265636375e-05j),(-3.40128226166949e-05+3.8320123686117086e-05j),(-1.989809405339446e-06+5.5296832420230294e-05j),(3.821764614251994e-05+3.838440471164731e-05j),(5.294709286329006e-05-1.6733865719651155e-06j),(3.412766685274086e-05-3.890670660742384e-05j),(-4.994917925625173e-06-5.0256384905478165e-05j),(-3.9106393284055124e-05-2.9892392239253204e-05j),(-4.724504347514953e-05+7.935260755574767e-06j),(-2.5721713055995543e-05+3.8802533370675614e-05j),(1.045253959619327e-05+4.393345332552509e-05j),(3.797836895039663e-05+2.1660666724616108e-05j),(4.034084505796949e-05-1.2500626610904774e-05j),(1.775687297268084e-05-3.661169680681479e-05j),(-1.402580910927321e-05-3.648327773801409e-05j),(-3.466977545597991e-05-1.4061819831917556e-05j),(-3.236996353907609e-05+1.4960563498745712e-05j),(-1.0633449146833557e-05+3.2099459728696164e-05j),(1.5210727813097244e-05+2.799584776594927e-05j),(2.880566713188774e-05+7.54205961937458e-06j),(2.3324506452651917e-05-1.4624730003989413e-05j),(4.887476449309243e-06-2.459507866086171e-05j),(-1.2898035244853178e-05-1.8241029739393904e-05j),(-1.8975339628513688e-05-2.880501897508689e-06j),(-1.2924359011276752e-05+9.42904791676229e-06j),(-1.9382528635988664e-08-7.375844698452446e-09j),(-3.9527926598521664e-08-1.0870152146684733e-08j),(-1.9571934453321856e-08-7.447921356746421e-09j),(-1.292435901127687e-05+9.42904791676225e-06j),(-1.89753396285137e-05-2.8805018975088095e-06j)
"(97,)",(-2.1944252325514312e-05+1.2850366204380592e-06j),(-2.0243958487922457e-05-5.75525556948795e-06j),(-1.872935464994075e-05-1.3729665932751126e-05j),(-1.063789358835367e-05-2.3634224974749514e-05j),(5.4937678306420385e-06-2.8164559974430435e-05j),(2.3991105636223545e-05-2.024486974788522e-05j),(3.395641199902352e-05+5.163698556424604e-07j),(2.646190186355352e-05+2.499041409060037e-05j),(2.128365294174859e-06+3.865201459100806e-05j),(-2.6861692516730693e-05+3.085902028261013e-05j),(-4.289591869995239e-05+3.193734133688713e-06j),(-3.40702724699325e-05-2.94400808072832e-05j),(-3.1012437002192077e-06-4.6858701551965614e-05j),(3.255964945232081e-05-3.638063660083037e-05j),(5.057648827323371e-05-2.097125740951017e-06j),(3.7933770602554956e-05+3.6088829850853586e-05j),(3.3887415832923934e-07+5.4041628103993295e-05j),(-3.9923159372811494e-05+3.8809680574029045e-05j),(-5.723109211212166e-05-2.0630530125663686e-06j),(-3.905726752076066e-05-4.397645314617298e-05j),(5.024424350195471e-06-6.0116699665459865e-05j),(4.817472422967983e-05-3.870948912953316e-05j),(6.266926377237702e-05+8.47623624240876e-06j),(3.779107475475176e-05+5.24523533605657e-05j),(-1.2358578390435506e-05+6.486045829305139e-05j),(-5.674971387258357e-05+3.632274121442842e-05j),(-6.666374836928358e-05-1.66170593969221e-05j),(-3.432362916224503e-05-6.101170003262525e-05j),(2.12006567411656e-05-6.805490335489173e-05j),(3.94301751422187e-05-2.8831656739860904e-05j),(4.867722496926845e-05-4.4402796340871086e-05j),(2.0256747464804075e-05-6.975604581192511e-05j),(-2.297569833126185e-05-6.79988019092489e-05j),(-5.643876783955681e-05-4.292999188861289e-05j),(-6.986924940403135e-05-4.937263013712222e-06j),(-6.093714067631421e-05+3.273759107649998e-05j),(-3.463702738421825e-05+5.8869753413174975e-05j),(-3.27378555968362e-07+6.743082237822995e-05j),(3.199919007914898e-05+5.836249901339175e-05j),(5.475848456752088e-05+3.62809894562489e-05j),(6.431010896219944e-05+8.086300906698879e-06j),(6.091835318417478e-05-1.9452170191966503e-05j),(4.7619217794749784e-05-4.1378649213757585e-05j),(2.8678145248637467e-05-5.522737792811161e-05j),(8.223479304684185e-06-6.083002174671709e-05j),(-1.0619916371742603e-05-5.961256595396439e-05j),(-2.6042819194845475e-05-5.3761703723975376e-05j),(-3.7438282414586837e-05-4.5532100894932624e-05j),(-4.505972554652266e-05-3.681614466460152e-05j),(-4.962649341593883e-05-2.8973581067368855e-05j),(-5.198842937205244e-05-2.2848654127599074e-05j),(-5.289347415702118e-05-1.8884012108127117e-05j),(-5.285474177498076e-05-1.7254756869172677e-05j),(-5.209184911672587e-05-1.7972241391499607e-05j),(-5.052074132903329e-05-2.0932147852351925e-05j),(-4.7778270353246764e-05-2.590027737487957e-05j),(-4.3283941826494146e-05-3.244404437736326e-05j),(-3.6354281781638426e-05-3.9832189471012224e-05j),(-2.6388465897893834e-05-4.694270206755666e-05j),(-1.3130901478918453e-05-5.223772513029389e-05j),(3.0165239506384846e-06-5.3875930570667014e-05j),(2.0709848026282285e-05-5.002307048807589e-05j),(3.75355956578677e-05-3.937478564776781e-05j),(5.01957086110851e-05-2.1816267258218342e-05j),(5.512345633520896e-05+9.731685297134918e-07j),(4.952438633271619e-05+2.5260870832563343e-05j),(3.2632824374927766e-05+4.5649615469859854e-05j),(6.754596131371898e-06+5.628046026573964e-05j),(-2.245686558938245e-05+5.271617113952191e-05j),(-4.6948085021164335e-05+3.398247576400132e-05j),(-3.8433943762137893e-05+6.111987710610635e-06j),(-5.2242751935339364e-05+1.3382680701555362e-06j),(-4.2621023526371326e-05+3.705250637574779e-05j),(-1.9898094053393016e-06+5.529683242023058e-05j),(3.821764614252021e-05+3.838440471164732e-05j),(5.2947092863290096e-05-1.6733865719652877e-06j),(3.412766685274091e-05-3.890670660742407e-05j),(-4.994917925625402e-06-5.0256384905478476e-05j),(-3.910639328405494e-05-2.9892392239252845e-05j),(-4.7245043475149254e-05+7.93526075557485e-06j),(-2.5721713055995915e-05+3.880253337067627e-05j),(1.0452539596193363e-05+4.393345332552522e-05j),(3.79783689503967e-05+2.1660666724616e-05j),(4.034084505796931e-05-1.250062661090473e-05j),(1.775687297268109e-05-3.661169680681511e-05j),(-1.4025809109273312e-05-3.648327773801422e-05j),(-3.466977545598024e-05-1.4061819831917543e-05j),(-3.236996353907572e-05+1.4960563498745709e-05j),(-1.0633449146833688e-05+3.209945972869642e-05j),(1.5210727813097347e-05+2.79958477659493e-05j),(2.8805667131887828e-05+7.5420596193745295e-06j),(2.332450645265195e-05-1.4624730003989494e-05j),(4.8874764493092075e-06-2.4595078660861767e-05j),(-1.2898035244853256e-05-1.824102973939394e-05j),(-1.8975339628513695e-05-2.880501897508655e-06j),(-1.2924359011276747e-05+9.429047916762195e-06j),(-1.9571934453321856e-08-7.447921356746421e-09j),(-3.9527926598519335e-08-1.0870152146685668e-08j),(-1.963589502345029e-08-7.47226096902429e-09j),(-1.292435901127691e-05+9.429047916762242e-06j)
"(98,)",(-1.1473876203704844e-05+1.3177709254931583e-05j),(-1.6009649897834366e-05+7.959391688223105e-06j),(-2.112788776908149e-05-1.0982950343247685e-07j),(-1.9819460855176728e-05-1.4460812935815949e-05j),(-6.523472034050987e-06-2.6949821870514586e-05j),(1.4868297534929551e-05-2.6832410807959448e-05j),(3.1932019817957515e-05-9.817904021205453e-06j),(3.1852266414195215e-05+1.6677303692548427e-05j),(1.1281657002478965e-05+3.664873503014004e-05j),(-1.937901128840202e-05+3.568297528295351e-05j),(-4.1173121418744566e-05+1.1511295614184543e-05j),(-3.862284363980128e-05-2.270004605293644e-05j),(-1.0794732687324071e-05-4.5497747469934345e-05j),(2.647491598714118e-05-4.0809523137426995e-05j),(4.959658147391162e-05-9.297922673281192e-06j),(4.231627300808487e-05+3.058877003502247e-05j),(7.130823836947964e-06+5.343844521241122e-05j),(-3.495289798768334e-05+4.3186535648111664e-05j),(-5.699108128686518e-05+4.374834513701529e-06j),(-4.344884740217551e-05-3.949333773608888e-05j),(-1.0957505439354208e-06-6.0222773764776895e-05j),(4.414513175243393e-05-4.3124163582321567e-05j),(6.310316068986737e-05+2.6495110463009244e-06j),(4.222981402213881e-05+4.88492452398621e-05j),(-6.809176094428205e-06+6.56037226316072e-05j),(-5.355084170206811e-05+4.0781792276654284e-05j),(-6.769811818937913e-05-1.1334437020843096e-05j),(-3.879614770409154e-05-5.819829841356906e-05j),(1.6178149245540334e-05-6.936243591448316e-05j),(3.7310437121563975e-05-3.1473902964260385e-05j),(4.6174565142783884e-05-4.703923161723917e-05j),(1.7643244570472222e-05-7.055441180520692e-05j),(-2.419136363980787e-05-6.768375041076961e-05j),(-5.6364883432491845e-05-4.321533126215516e-05j),(-6.984303034813088e-05-6.780331910103277e-06j),(-6.26200796954523e-05+2.972323527372406e-05j),(-3.901942877620734e-05+5.6252045307130554e-05j),(-7.121960196382103e-06+6.722780757872451e-05j),(2.4356326679305455e-05+6.214578964131557e-05j),(4.858440077622732e-05+4.451502397478765e-05j),(6.191429328123651e-05+1.9929705606800902e-05j),(6.392593550285157e-05-5.885392868000947e-06j),(5.659825230721337e-05-2.8472750296958123e-05j),(4.313127901737896e-05-4.526886283236727e-05j),(2.686590327374193e-05-5.555462681071578e-05j),(1.0555302499950835e-05-5.9988653468300835e-05j),(-3.955705518980111e-06-6.000266950264001e-05j),(-1.572263120553756e-05-5.726439405903421e-05j),(-2.4498954199198142e-05-5.3308632548521434e-05j),(-3.046601169345538e-05-4.9348133500730675e-05j),(-3.398204838411246e-05-4.622250547615306e-05j),(-3.5393284024307144e-05-4.442548328125624e-05j),(-3.491749233606265e-05-4.4156679901364954e-05j),(-3.259459716998588e-05-4.536106711987196e-05j),(-2.82962519050623e-05-4.773921324563203e-05j),(-2.179084781804841e-05-5.073014686755077e-05j),(-1.2864673568976683e-05-5.3486106892658905e-05j),(-1.497416315459983e-06-5.487405575209747e-05j),(1.1923949525050574e-05-5.3549821567480075e-05j),(2.6395630584757985e-05-4.815039661664151e-05j),(4.0168434768207004e-05-3.762893999173886e-05j),(5.080312852731747e-05-2.1708129664382736e-05j),(5.5509212215671814e-05-1.3530543134796269e-06j),(5.181010421536009e-05+2.0915447270613144e-05j),(3.8458610111376164e-05+4.109290279373091e-05j),(1.636531120892844e-05+5.43386425041605e-05j),(-1.0840863761844098e-05+5.623381439874559e-05j),(-3.7036700034017254e-05+4.442195126167506e-05j),(-5.4876395903133046e-05+2.01111989510693e-05j),(-5.800922105261685e-05-1.1263086288489588e-05j),(-3.13034948316591e-05-2.436243173307519e-05j),(-3.734954981852649e-05-3.797228935576194e-05j),(-5.7286089301148683e-05-5.956371842571534e-06j),(-4.2621023526371434e-05+3.705250637574789e-05j),(-1.989809405339291e-06+5.52968324202306e-05j),(3.8217646142520135e-05+3.83844047116472e-05j),(5.2947092863290205e-05-1.6733865719652627e-06j),(3.412766685274104e-05-3.890670660742432e-05j),(-4.994917925625456e-06-5.0256384905478036e-05j),(-3.9106393284054684e-05-2.989239223925261e-05j),(-4.724504347514993e-05+7.935260755574852e-06j),(-2.572171305599601e-05+3.8802533370676285e-05j),(1.0452539596193339e-05+4.3933453325525136e-05j),(3.7978368950396386e-05+2.166066672461594e-05j),(4.034084505796967e-05-1.2500626610904605e-05j),(1.775687297268119e-05-3.661169680681515e-05j),(-1.4025809109273427e-05-3.648327773801443e-05j),(-3.466977545597987e-05-1.4061819831917317e-05j),(-3.2369963539075995e-05+1.4960563498745687e-05j),(-1.0633449146833698e-05+3.209945972869643e-05j),(1.5210727813097349e-05+2.7995847765949318e-05j),(2.880566713188784e-05+7.542059619374544e-06j),(2.3324506452651964e-05-1.4624730003989492e-05j),(4.887476449309212e-06-2.459507866086181e-05j),(-1.289803524485324e-05-1.824102973939391e-05j),(-1.8975339628513566e-05-2.880501897508747e-06j),(-1.292435901127687e-05+9.42904791676225e-06j),(-1.963589502345029e-08-7.47226096902429e-09j),(-3.952792659851946e-08-1.0870152146685713e-08j),(-1.963589502345053e-08-7.472260969023972e-09j)
"(99,)",(-1.792285126786484e-06+7.245159391998166e-06j),(-7.141519037274165e-06+1.3925559406587958e-05j),(-1.7540238463260123e-05+8.895314685993362e-06j),(-2.2790714275613452e-05-6.338708920116042e-06j),(-1.3519202285217496e-05-2.352673524150201e-05j),(8.141380946271554e-06-2.9126693665465578e-05j),(2.9091292977888806e-05-1.5734654315945652e-05j),(3.397101604815016e-05+1.0935494023451394e-05j),(1.6552927176413896e-05+3.434612359356229e-05j),(-1.4360118624711104e-05+3.778474980529777e-05j),(-3.9332628681047314e-05+1.6347207232357357e-05j),(-4.076569759773035e-05-1.8246472624930364e-05j),(-1.530857605747118e-05-4.4056654095042953e-05j),(2.2486959163218334e-05-4.301513490932648e-05j),(4.8506451804505205e-05-1.3555771850708043e-05j),(4.45909172963883e-05+2.699983413601858e-05j),(1.117327464073631e-05+5.266150930589595e-05j),(-3.1716380154218725e-05+4.5529197322068174e-05j),(-5.6497104517463435e-05+8.227629689142001e-06j),(-4.585477724826409e-05-3.6575308660691625e-05j),(-4.77545665680585e-06-5.998683436417005e-05j),(4.1520016046482274e-05-4.5586591801234815e-05j),(6.310412437753529e-05-8.677539284794179e-07j),(4.474084089181049e-05+4.6497143144689e-05j),(-3.4476421031668077e-06+6.582319233196807e-05j),(-5.14557972289403e-05+4.3332881615172445e-05j),(-6.811970117343624e-05-8.124597904321846e-06j),(-4.137841641894158e-05-5.634713908926292e-05j),(1.3117803550241937e-05-6.997122463703083e-05j),(3.596802136626014e-05-3.296600535557912e-05j),(4.4928535622851574e-05-4.8287085987281315e-05j),(1.7071163708448957e-05-7.08031258036317e-05j),(-2.338223277554549e-05-6.809176544104487e-05j),(-5.4940853667806264e-05-4.521739403688509e-05j),(-6.947857259130216e-05-1.0815495508270929e-05j),(-6.499058409632368e-05+2.4554518021187434e-05j),(-4.493666501670704e-05+5.1877293957191e-05j),(-1.60836603547903e-05+6.58577309891899e-05j),(1.4073504171142857e-05+6.54589201704362e-05j),(3.940337310148718e-05+5.309539134699371e-05j),(5.6264486958835494e-05+3.311903322187876e-05j),(6.36433692214292e-05+1.0254249122243771e-05j),(6.258996005169902e-05-1.1564404172352899e-05j),(5.534536055986646e-05-2.9776481761076738e-05j),(4.450168341228625e-05-4.325702078154572e-05j),(3.239565338589899e-05-5.2035563700578144e-05j),(2.0794187757991454e-05-5.687446946132524e-05j),(1.0829102521118579e-05-5.8861298979919114e-05j),(3.0923250424022424e-06-5.909889519390635e-05j),(-2.1985402945962164e-06-5.8513674959674076e-05j),(-5.032158702659453e-06-5.776274265790292e-05j),(-5.473033142155319e-06-5.7204732491062295e-05j),(-3.586563054164459e-06-5.69013978258176e-05j),(5.759469466239752e-07-5.66290395289332e-05j),(6.934538260061002e-06-5.5894752385232225e-05j),(1.5286968279204364e-05-5.396814367330908e-05j),(2.5178656208898203e-05-4.9951488242043444e-05j),(3.576439772421371e-05-4.29163848373811e-05j),(4.5709338293831064e-05-3.212771675426201e-05j),(5.319542700721766e-05-1.7350966699609808e-05j),(5.610553708611344e-05+8.047692573589364e-07j),(5.243483440780941e-05+2.0611065955979647e-05j),(4.0915306011497674e-05+3.9161680861431274e-05j),(2.1736159229392868e-05+5.2688212271551656e-05j),(-2.873974104341814e-06+5.734102230268289e-05j),(-2.8514522574596705e-05+5.037307249160928e-05j),(-4.921301749339759e-05+3.144832823556259e-05j),(-5.8856737557134244e-05+3.5947594089382707e-06j),(-5.322517255609958e-05-2.6750334943739068e-05j),(-3.2013278617541324e-05-5.099104511987694e-05j),(-3.6462357486129605e-06-4.023747082781325e-05j),(2.2861090679570756e-06-5.419816226625717e-05j),(-3.5424766452841764e-05-4.679732032889989e-05j),(-5.72860893011488e-05-5.95637184257153e-06j),(-4.2621023526371454e-05+3.705250637574791e-05j),(-1.989809405339262e-06+5.5296832420230456e-05j),(3.821764614252021e-05+3.8384404711647296e-05j),(5.2947092863290415e-05-1.673386571965341e-06j),(3.412766685274058e-05-3.890670660742402e-05j),(-4.994917925625445e-06-5.025638490547761e-05j),(-3.9106393284055104e-05-2.989239223925313e-05j),(-4.724504347514999e-05+7.935260755574796e-06j),(-2.572171305599595e-05+3.88025333706762e-05j),(1.0452539596193161e-05+4.3933453325524825e-05j),(3.7978368950396555e-05+2.1660666724616298e-05j),(4.034084505796976e-05-1.2500626610904557e-05j),(1.7756872972681262e-05-3.661169680681538e-05j),(-1.4025809109273347e-05-3.648327773801396e-05j),(-3.466977545598004e-05-1.4061819831917534e-05j),(-3.2369963539075975e-05+1.4960563498745677e-05j),(-1.0633449146833706e-05+3.209945972869642e-05j),(1.521072781309734e-05+2.7995847765949318e-05j),(2.8805667131887842e-05+7.542059619374545e-06j),(2.3324506452651988e-05-1.4624730003989513e-05j),(4.887476449309196e-06-2.459507866086176e-05j),(-1.2898035244853042e-05-1.824102973939386e-05j),(-1.89753396285137e-05-2.8805018975088095e-06j),(-1.292435901127691e-05+9.429047916762242e-06j),(-1.963589502345053e-08-7.472260969023972e-09j),(-3.952792659851946e-08-1.0870152146685749e-08j)
